#INCLUSive Motif Model
#
#The results in this file are NOT complete as long as there is no END-sign at the bottom of this file!
#ID = box_1_1_GnGGGCGG
#Score = 82.4121
#W = 8
#Consensus = GnGGGCGG
0.0108504	0.00592837	0.972393	0.0108286
0.0108504	0.650661	0.32766	0.0108286
0.0108504	0.00592837	0.891801	0.0914201
0.0108504	0.00592837	0.972393	0.0108286
0.0108504	0.0865199	0.891801	0.0108286
0.0108504	0.973027	0.00529396	0.0108286
0.0108504	0.00592837	0.972393	0.0108286
0.0108504	0.00592837	0.972393	0.0108286

#ID = box_2_1_GsGGGCGG
#Score = 81.8025
#W = 8
#Consensus = GsGGGCGG
0.0108504	0.00592837	0.972393	0.0108286
0.0108504	0.570069	0.408252	0.0108286
0.0108504	0.167111	0.81121	0.0108286
0.0108504	0.00592837	0.972393	0.0108286
0.0108504	0.00592837	0.972393	0.0108286
0.0108504	0.892435	0.00529396	0.0914201
0.0108504	0.00592837	0.972393	0.0108286
0.0108504	0.00592837	0.972393	0.0108286

#ID = box_3_1_GCGGCGGC
#Score = 80.071
#W = 8
#Consensus = GCGGCGGC
0.0108504	0.0865199	0.81121	0.0914201
0.0108504	0.973027	0.00529396	0.0108286
0.172034	0.00592837	0.81121	0.0108286
0.0108504	0.00592837	0.972393	0.0108286
0.0108504	0.973027	0.00529396	0.0108286
0.0108504	0.00592837	0.972393	0.0108286
0.0108504	0.00592837	0.972393	0.0108286
0.0108504	0.811844	0.166477	0.0108286

#ID = box_4_1_GsGGGCGG
#Score = 82.0306
#W = 8
#Consensus = GsGGGCGG
0.0108504	0.00592837	0.972393	0.0108286
0.0108504	0.570069	0.408252	0.0108286
0.0108504	0.167111	0.81121	0.0108286
0.091442	0.00592837	0.891801	0.0108286
0.0108504	0.00592837	0.972393	0.0108286
0.0108504	0.973027	0.00529396	0.0108286
0.0108504	0.00592837	0.972393	0.0108286
0.0108504	0.00592837	0.972393	0.0108286

#ID = box_5_1_GGsGGCGG
#Score = 81.5528
#W = 8
#Consensus = GGsGGCGG
0.0108504	0.00592837	0.972393	0.0108286
0.0108504	0.0865199	0.891801	0.0108286
0.0108504	0.570069	0.408252	0.0108286
0.091442	0.00592837	0.891801	0.0108286
0.0108504	0.00592837	0.972393	0.0108286
0.0108504	0.973027	0.00529396	0.0108286
0.0108504	0.00592837	0.972393	0.0108286
0.0108504	0.00592837	0.972393	0.0108286

#ID = box_6_1_GsGGGCGG
#Score = 82.0306
#W = 8
#Consensus = GsGGGCGG
0.0108504	0.00592837	0.972393	0.0108286
0.0108504	0.570069	0.408252	0.0108286
0.0108504	0.167111	0.81121	0.0108286
0.091442	0.00592837	0.891801	0.0108286
0.0108504	0.00592837	0.972393	0.0108286
0.0108504	0.973027	0.00529396	0.0108286
0.0108504	0.00592837	0.972393	0.0108286
0.0108504	0.00592837	0.972393	0.0108286

#ID = box_7_1_nGnnGGCG
#Score = 78.9206
#W = 8
#Consensus = nGnnGGCG
0.0108504	0.328295	0.650026	0.0108286
0.0108504	0.00592837	0.972393	0.0108286
0.0108504	0.650661	0.32766	0.0108286
0.0108504	0.650661	0.32766	0.0108286
0.0108504	0.00592837	0.972393	0.0108286
0.0108504	0.00592837	0.972393	0.0108286
0.0108504	0.973027	0.00529396	0.0108286
0.0108504	0.00592837	0.972393	0.0108286

#ID = box_8_1_GCGGsCGG
#Score = 83.7993
#W = 8
#Consensus = GCGGsCGG
0.0108504	0.0865199	0.891801	0.0108286
0.0108504	0.892435	0.0858855	0.0108286
0.0108504	0.00592837	0.972393	0.0108286
0.0108504	0.00592837	0.972393	0.0108286
0.0108504	0.408886	0.569435	0.0108286
0.0108504	0.973027	0.00529396	0.0108286
0.0108504	0.00592837	0.972393	0.0108286
0.0108504	0.00592837	0.972393	0.0108286

#ID = box_9_1_GCGGnCGG
#Score = 83.9548
#W = 8
#Consensus = GCGGnCGG
0.0108504	0.00592837	0.972393	0.0108286
0.0108504	0.892435	0.0858855	0.0108286
0.0108504	0.00592837	0.891801	0.0914201
0.0108504	0.00592837	0.972393	0.0108286
0.0108504	0.328295	0.650026	0.0108286
0.0108504	0.973027	0.00529396	0.0108286
0.0108504	0.00592837	0.972393	0.0108286
0.0108504	0.00592837	0.972393	0.0108286

#ID = box_10_1_GsGGGCGG
#Score = 81.8025
#W = 8
#Consensus = GsGGGCGG
0.0108504	0.00592837	0.972393	0.0108286
0.0108504	0.570069	0.408252	0.0108286
0.0108504	0.167111	0.81121	0.0108286
0.0108504	0.00592837	0.972393	0.0108286
0.0108504	0.00592837	0.972393	0.0108286
0.0108504	0.892435	0.00529396	0.0914201
0.0108504	0.00592837	0.972393	0.0108286
0.0108504	0.00592837	0.972393	0.0108286

#ID = box_11_1_GGGCGGGG
#Score = 78.0895
#W = 8
#Consensus = GGGCGGGG
0.0108504	0.00592837	0.972393	0.0108286
0.0108504	0.00592837	0.972393	0.0108286
0.0108504	0.0865199	0.891801	0.0108286
0.091442	0.892435	0.00529396	0.0108286
0.0108504	0.00592837	0.972393	0.0108286
0.0108504	0.00592837	0.891801	0.0914201
0.0108504	0.167111	0.730618	0.0914201
0.0108504	0.00592837	0.972393	0.0108286

#ID = box_12_1_GCGGCGGC
#Score = 80.7243
#W = 8
#Consensus = GCGGCGGC
0.0108504	0.167111	0.81121	0.0108286
0.0108504	0.973027	0.00529396	0.0108286
0.0108504	0.00592837	0.972393	0.0108286
0.0108504	0.00592837	0.972393	0.0108286
0.0108504	0.973027	0.00529396	0.0108286
0.0108504	0.00592837	0.972393	0.0108286
0.0108504	0.247703	0.730618	0.0108286
0.0108504	0.892435	0.0858855	0.0108286

#ID = box_13_1_GCGGCGnC
#Score = 80.9642
#W = 8
#Consensus = GCGGCGnC
0.0108504	0.00592837	0.972393	0.0108286
0.0108504	0.973027	0.00529396	0.0108286
0.0108504	0.00592837	0.972393	0.0108286
0.0108504	0.00592837	0.972393	0.0108286
0.0108504	0.892435	0.00529396	0.0914201
0.0108504	0.00592837	0.972393	0.0108286
0.0108504	0.328295	0.650026	0.0108286
0.0108504	0.811844	0.166477	0.0108286

#ID = box_14_1_GCGGCGGC
#Score = 81.0497
#W = 8
#Consensus = GCGGCGGC
0.0108504	0.00592837	0.972393	0.0108286
0.0108504	0.973027	0.00529396	0.0108286
0.0108504	0.00592837	0.972393	0.0108286
0.0108504	0.00592837	0.972393	0.0108286
0.0108504	0.973027	0.00529396	0.0108286
0.091442	0.00592837	0.891801	0.0108286
0.0108504	0.247703	0.730618	0.0108286
0.0108504	0.811844	0.166477	0.0108286

#ID = box_15_1_GGCnGGnG
#Score = 80.3022
#W = 8
#Consensus = GGCnGGnG
0.0108504	0.00592837	0.972393	0.0108286
0.0108504	0.0865199	0.891801	0.0108286
0.0108504	0.973027	0.00529396	0.0108286
0.0108504	0.328295	0.650026	0.0108286
0.0108504	0.00592837	0.972393	0.0108286
0.0108504	0.00592837	0.972393	0.0108286
0.0108504	0.650661	0.32766	0.0108286
0.0108504	0.00592837	0.972393	0.0108286

#ID = box_16_1_GCGGCGGC
#Score = 80.4223
#W = 8
#Consensus = GCGGCGGC
0.0108504	0.00592837	0.891801	0.0914201
0.0108504	0.973027	0.00529396	0.0108286
0.0108504	0.0865199	0.891801	0.0108286
0.0108504	0.00592837	0.972393	0.0108286
0.0108504	0.973027	0.00529396	0.0108286
0.0108504	0.00592837	0.972393	0.0108286
0.0108504	0.167111	0.81121	0.0108286
0.0108504	0.731252	0.247069	0.0108286

#ID = box_17_1_CCCwCCCC
#Score = 75.9816
#W = 8
#Consensus = CCCwCCCC
0.0108504	0.811844	0.00529396	0.172012
0.0108504	0.973027	0.00529396	0.0108286
0.0108504	0.973027	0.00529396	0.0108286
0.4944	0.00592837	0.00529396	0.494378
0.0108504	0.973027	0.00529396	0.0108286
0.0108504	0.811844	0.166477	0.0108286
0.0108504	0.973027	0.00529396	0.0108286
0.0108504	0.973027	0.00529396	0.0108286

#ID = box_18_1_GGGGGCGG
#Score = 80.602
#W = 8
#Consensus = GGGGGCGG
0.0108504	0.00592837	0.972393	0.0108286
0.0108504	0.00592837	0.972393	0.0108286
0.0108504	0.167111	0.81121	0.0108286
0.0108504	0.00592837	0.972393	0.0108286
0.0108504	0.00592837	0.972393	0.0108286
0.0108504	0.892435	0.0858855	0.0108286
0.0108504	0.00592837	0.972393	0.0108286
0.0108504	0.0865199	0.891801	0.0108286

#ID = box_19_1_GsnGGCGG
#Score = 81.7161
#W = 8
#Consensus = GsnGGCGG
0.0108504	0.00592837	0.972393	0.0108286
0.0108504	0.570069	0.408252	0.0108286
0.0108504	0.328295	0.650026	0.0108286
0.0108504	0.0865199	0.891801	0.0108286
0.0108504	0.00592837	0.972393	0.0108286
0.0108504	0.973027	0.00529396	0.0108286
0.0108504	0.00592837	0.972393	0.0108286
0.0108504	0.00592837	0.972393	0.0108286

#ID = box_20_1_GCGGCGnC
#Score = 80.4339
#W = 8
#Consensus = GCGGCGnC
0.0108504	0.00592837	0.972393	0.0108286
0.0108504	0.892435	0.0858855	0.0108286
0.0108504	0.00592837	0.972393	0.0108286
0.0108504	0.00592837	0.972393	0.0108286
0.0108504	0.973027	0.00529396	0.0108286
0.0108504	0.00592837	0.972393	0.0108286
0.0108504	0.247703	0.650026	0.0914201
0.0108504	0.811844	0.166477	0.0108286

#ID = box_21_1_GCGGnCGG
#Score = 83.3704
#W = 8
#Consensus = GCGGnCGG
0.0108504	0.00592837	0.972393	0.0108286
0.0108504	0.811844	0.166477	0.0108286
0.0108504	0.00592837	0.972393	0.0108286
0.0108504	0.00592837	0.972393	0.0108286
0.0108504	0.328295	0.650026	0.0108286
0.0108504	0.892435	0.0858855	0.0108286
0.0108504	0.00592837	0.972393	0.0108286
0.0108504	0.00592837	0.972393	0.0108286

#ID = box_22_1_GGsGGCGG
#Score = 81.8512
#W = 8
#Consensus = GGsGGCGG
0.0108504	0.00592837	0.972393	0.0108286
0.0108504	0.00592837	0.972393	0.0108286
0.0108504	0.570069	0.408252	0.0108286
0.091442	0.0865199	0.81121	0.0108286
0.0108504	0.00592837	0.972393	0.0108286
0.0108504	0.973027	0.00529396	0.0108286
0.0108504	0.00592837	0.972393	0.0108286
0.0108504	0.00592837	0.972393	0.0108286

#ID = box_23_1_GGGCGGGG
#Score = 77.7713
#W = 8
#Consensus = GGGCGGGG
0.0108504	0.00592837	0.972393	0.0108286
0.0108504	0.00592837	0.972393	0.0108286
0.0108504	0.00592837	0.972393	0.0108286
0.091442	0.731252	0.0858855	0.0914201
0.0108504	0.0865199	0.891801	0.0108286
0.0108504	0.00592837	0.972393	0.0108286
0.0108504	0.0865199	0.891801	0.0108286
0.0108504	0.00592837	0.972393	0.0108286

#ID = box_24_1_GGGCGGGG
#Score = 78.603
#W = 8
#Consensus = GGGCGGGG
0.0108504	0.00592837	0.972393	0.0108286
0.0108504	0.00592837	0.972393	0.0108286
0.0108504	0.00592837	0.972393	0.0108286
0.0108504	0.731252	0.166477	0.0914201
0.0108504	0.00592837	0.972393	0.0108286
0.0108504	0.00592837	0.972393	0.0108286
0.0108504	0.0865199	0.81121	0.0914201
0.0108504	0.00592837	0.972393	0.0108286

#ID = box_25_1_GsGGGCGG
#Score = 81.8147
#W = 8
#Consensus = GsGGGCGG
0.0108504	0.00592837	0.972393	0.0108286
0.0108504	0.570069	0.408252	0.0108286
0.0108504	0.167111	0.81121	0.0108286
0.0108504	0.00592837	0.972393	0.0108286
0.0108504	0.00592837	0.972393	0.0108286
0.0108504	0.892435	0.0858855	0.0108286
0.0108504	0.00592837	0.972393	0.0108286
0.0108504	0.00592837	0.972393	0.0108286

#ID = box_26_1_GGGGGCGG
#Score = 81.1228
#W = 8
#Consensus = GGGGGCGG
0.0108504	0.00592837	0.972393	0.0108286
0.0108504	0.0865199	0.891801	0.0108286
0.0108504	0.247703	0.730618	0.0108286
0.091442	0.00592837	0.891801	0.0108286
0.0108504	0.00592837	0.972393	0.0108286
0.0108504	0.973027	0.00529396	0.0108286
0.0108504	0.00592837	0.972393	0.0108286
0.0108504	0.00592837	0.972393	0.0108286

#ID = box_27_1_GsGGGCGG
#Score = 81.6512
#W = 8
#Consensus = GsGGGCGG
0.0108504	0.00592837	0.972393	0.0108286
0.0108504	0.570069	0.408252	0.0108286
0.0108504	0.0865199	0.891801	0.0108286
0.0108504	0.00592837	0.972393	0.0108286
0.0108504	0.00592837	0.972393	0.0108286
0.0108504	0.892435	0.0858855	0.0108286
0.0108504	0.00592837	0.972393	0.0108286
0.0108504	0.00592837	0.972393	0.0108286

#ID = box_28_1_GnGGGCGG
#Score = 82.3673
#W = 8
#Consensus = GnGGGCGG
0.0108504	0.00592837	0.972393	0.0108286
0.0108504	0.650661	0.32766	0.0108286
0.0108504	0.167111	0.81121	0.0108286
0.0108504	0.00592837	0.972393	0.0108286
0.0108504	0.00592837	0.972393	0.0108286
0.0108504	0.973027	0.00529396	0.0108286
0.0108504	0.0865199	0.891801	0.0108286
0.0108504	0.00592837	0.972393	0.0108286

#ID = box_29_1_GsGGGCGG
#Score = 81.8285
#W = 8
#Consensus = GsGGGCGG
0.0108504	0.00592837	0.972393	0.0108286
0.0108504	0.570069	0.408252	0.0108286
0.0108504	0.247703	0.730618	0.0108286
0.0108504	0.0865199	0.891801	0.0108286
0.0108504	0.00592837	0.972393	0.0108286
0.0108504	0.973027	0.00529396	0.0108286
0.0108504	0.00592837	0.972393	0.0108286
0.0108504	0.00592837	0.972393	0.0108286

#ID = box_30_1_CGGCGGns
#Score = 76.8588
#W = 8
#Consensus = CGGCGGns
0.0108504	0.811844	0.166477	0.0108286
0.0108504	0.247703	0.730618	0.0108286
0.0108504	0.00592837	0.972393	0.0108286
0.0108504	0.973027	0.00529396	0.0108286
0.0108504	0.00592837	0.972393	0.0108286
0.0108504	0.00592837	0.972393	0.0108286
0.0108504	0.650661	0.32766	0.0108286
0.0108504	0.489478	0.488843	0.0108286

#ID = box_31_1_CCCCGsGs
#Score = 78.7532
#W = 8
#Consensus = CCCCGsGs
0.0108504	0.973027	0.00529396	0.0108286
0.0108504	0.973027	0.00529396	0.0108286
0.0108504	0.973027	0.00529396	0.0108286
0.0108504	0.973027	0.00529396	0.0108286
0.0108504	0.00592837	0.972393	0.0108286
0.0108504	0.408886	0.569435	0.0108286
0.0108504	0.00592837	0.972393	0.0108286
0.0108504	0.570069	0.408252	0.0108286

#ID = box_32_1_GsnGGCGG
#Score = 81.6463
#W = 8
#Consensus = GsnGGCGG
0.0108504	0.00592837	0.972393	0.0108286
0.0108504	0.570069	0.408252	0.0108286
0.0108504	0.328295	0.650026	0.0108286
0.0108504	0.00592837	0.972393	0.0108286
0.0108504	0.00592837	0.972393	0.0108286
0.0108504	0.973027	0.00529396	0.0108286
0.091442	0.00592837	0.891801	0.0108286
0.0108504	0.00592837	0.972393	0.0108286

#ID = box_33_1_CCCCGsGs
#Score = 78.7532
#W = 8
#Consensus = CCCCGsGs
0.0108504	0.973027	0.00529396	0.0108286
0.0108504	0.973027	0.00529396	0.0108286
0.0108504	0.973027	0.00529396	0.0108286
0.0108504	0.973027	0.00529396	0.0108286
0.0108504	0.00592837	0.972393	0.0108286
0.0108504	0.408886	0.569435	0.0108286
0.0108504	0.00592837	0.972393	0.0108286
0.0108504	0.570069	0.408252	0.0108286

#ID = box_34_1_GsGGGCGG
#Score = 82.0306
#W = 8
#Consensus = GsGGGCGG
0.0108504	0.00592837	0.972393	0.0108286
0.0108504	0.570069	0.408252	0.0108286
0.0108504	0.167111	0.81121	0.0108286
0.091442	0.00592837	0.891801	0.0108286
0.0108504	0.00592837	0.972393	0.0108286
0.0108504	0.973027	0.00529396	0.0108286
0.0108504	0.00592837	0.972393	0.0108286
0.0108504	0.00592837	0.972393	0.0108286

#ID = box_35_1_GGsGGCGG
#Score = 81.5528
#W = 8
#Consensus = GGsGGCGG
0.0108504	0.00592837	0.972393	0.0108286
0.0108504	0.0865199	0.891801	0.0108286
0.0108504	0.570069	0.408252	0.0108286
0.091442	0.00592837	0.891801	0.0108286
0.0108504	0.00592837	0.972393	0.0108286
0.0108504	0.973027	0.00529396	0.0108286
0.0108504	0.00592837	0.972393	0.0108286
0.0108504	0.00592837	0.972393	0.0108286

#ID = box_36_1_GsGGGCGG
#Score = 82.0306
#W = 8
#Consensus = GsGGGCGG
0.0108504	0.00592837	0.972393	0.0108286
0.0108504	0.570069	0.408252	0.0108286
0.0108504	0.167111	0.81121	0.0108286
0.091442	0.00592837	0.891801	0.0108286
0.0108504	0.00592837	0.972393	0.0108286
0.0108504	0.973027	0.00529396	0.0108286
0.0108504	0.00592837	0.972393	0.0108286
0.0108504	0.00592837	0.972393	0.0108286

#ID = box_37_1_GGsGGCGG
#Score = 81.5528
#W = 8
#Consensus = GGsGGCGG
0.0108504	0.00592837	0.972393	0.0108286
0.0108504	0.0865199	0.891801	0.0108286
0.0108504	0.570069	0.408252	0.0108286
0.091442	0.00592837	0.891801	0.0108286
0.0108504	0.00592837	0.972393	0.0108286
0.0108504	0.973027	0.00529396	0.0108286
0.0108504	0.00592837	0.972393	0.0108286
0.0108504	0.00592837	0.972393	0.0108286

#ID = box_38_1_GsGGGCGG
#Score = 82.0306
#W = 8
#Consensus = GsGGGCGG
0.0108504	0.00592837	0.972393	0.0108286
0.0108504	0.570069	0.408252	0.0108286
0.0108504	0.167111	0.81121	0.0108286
0.091442	0.00592837	0.891801	0.0108286
0.0108504	0.00592837	0.972393	0.0108286
0.0108504	0.973027	0.00529396	0.0108286
0.0108504	0.00592837	0.972393	0.0108286
0.0108504	0.00592837	0.972393	0.0108286

#ID = box_39_1_GsGGGCGG
#Score = 81.8147
#W = 8
#Consensus = GsGGGCGG
0.0108504	0.00592837	0.972393	0.0108286
0.0108504	0.570069	0.408252	0.0108286
0.0108504	0.167111	0.81121	0.0108286
0.0108504	0.00592837	0.972393	0.0108286
0.0108504	0.00592837	0.972393	0.0108286
0.0108504	0.892435	0.0858855	0.0108286
0.0108504	0.00592837	0.972393	0.0108286
0.0108504	0.00592837	0.972393	0.0108286

#ID = box_40_1_GCGGnCGG
#Score = 83.9434
#W = 8
#Consensus = GCGGnCGG
0.0108504	0.00592837	0.972393	0.0108286
0.0108504	0.892435	0.0858855	0.0108286
0.0108504	0.00592837	0.972393	0.0108286
0.0108504	0.00592837	0.972393	0.0108286
0.0108504	0.328295	0.650026	0.0108286
0.0108504	0.973027	0.00529396	0.0108286
0.0108504	0.0865199	0.891801	0.0108286
0.0108504	0.00592837	0.972393	0.0108286

#ID = box_41_1_GGCGGnnG
#Score = 80.0409
#W = 8
#Consensus = GGCGGnnG
0.0108504	0.00592837	0.972393	0.0108286
0.0108504	0.00592837	0.972393	0.0108286
0.0108504	0.973027	0.00529396	0.0108286
0.0108504	0.247703	0.730618	0.0108286
0.0108504	0.00592837	0.972393	0.0108286
0.0108504	0.328295	0.650026	0.0108286
0.0108504	0.650661	0.32766	0.0108286
0.0108504	0.00592837	0.972393	0.0108286

#ID = box_42_1_GnGGGCGG
#Score = 82.4237
#W = 8
#Consensus = GnGGGCGG
0.0108504	0.00592837	0.972393	0.0108286
0.0108504	0.650661	0.32766	0.0108286
0.0108504	0.167111	0.81121	0.0108286
0.0108504	0.00592837	0.972393	0.0108286
0.0108504	0.00592837	0.972393	0.0108286
0.0108504	0.973027	0.00529396	0.0108286
0.0108504	0.00592837	0.972393	0.0108286
0.0108504	0.0865199	0.891801	0.0108286

#ID = box_43_1_GGsGGCGG
#Score = 81.5528
#W = 8
#Consensus = GGsGGCGG
0.0108504	0.00592837	0.972393	0.0108286
0.0108504	0.0865199	0.891801	0.0108286
0.0108504	0.570069	0.408252	0.0108286
0.091442	0.00592837	0.891801	0.0108286
0.0108504	0.00592837	0.972393	0.0108286
0.0108504	0.973027	0.00529396	0.0108286
0.0108504	0.00592837	0.972393	0.0108286
0.0108504	0.00592837	0.972393	0.0108286

#ID = box_44_1_GCGGnCGG
#Score = 83.9548
#W = 8
#Consensus = GCGGnCGG
0.0108504	0.00592837	0.972393	0.0108286
0.0108504	0.892435	0.0858855	0.0108286
0.0108504	0.00592837	0.891801	0.0914201
0.0108504	0.00592837	0.972393	0.0108286
0.0108504	0.328295	0.650026	0.0108286
0.0108504	0.973027	0.00529396	0.0108286
0.0108504	0.00592837	0.972393	0.0108286
0.0108504	0.00592837	0.972393	0.0108286

#ID = box_45_1_GGGGGCGG
#Score = 80.3876
#W = 8
#Consensus = GGGGGCGG
0.0108504	0.00592837	0.972393	0.0108286
0.0108504	0.247703	0.730618	0.0108286
0.0108504	0.247703	0.730618	0.0108286
0.091442	0.00592837	0.891801	0.0108286
0.0108504	0.00592837	0.972393	0.0108286
0.0108504	0.973027	0.00529396	0.0108286
0.0108504	0.00592837	0.972393	0.0108286
0.0108504	0.00592837	0.972393	0.0108286

#ID = box_46_1_GCGGCGnC
#Score = 80.9642
#W = 8
#Consensus = GCGGCGnC
0.0108504	0.00592837	0.972393	0.0108286
0.0108504	0.973027	0.00529396	0.0108286
0.0108504	0.00592837	0.972393	0.0108286
0.0108504	0.00592837	0.972393	0.0108286
0.0108504	0.892435	0.00529396	0.0914201
0.0108504	0.00592837	0.972393	0.0108286
0.0108504	0.328295	0.650026	0.0108286
0.0108504	0.811844	0.166477	0.0108286

#ID = box_47_1_GsGGGCGG
#Score = 81.7442
#W = 8
#Consensus = GsGGGCGG
0.0108504	0.00592837	0.972393	0.0108286
0.0108504	0.570069	0.408252	0.0108286
0.0108504	0.00592837	0.972393	0.0108286
0.0108504	0.00592837	0.972393	0.0108286
0.0108504	0.0865199	0.891801	0.0108286
0.0108504	0.892435	0.0858855	0.0108286
0.0108504	0.00592837	0.972393	0.0108286
0.0108504	0.00592837	0.972393	0.0108286

#ID = box_48_1_GCGGCGnC
#Score = 80.1873
#W = 8
#Consensus = GCGGCGnC
0.0108504	0.00592837	0.972393	0.0108286
0.0108504	0.973027	0.00529396	0.0108286
0.0108504	0.00592837	0.972393	0.0108286
0.0108504	0.00592837	0.972393	0.0108286
0.0108504	0.811844	0.00529396	0.172012
0.091442	0.00592837	0.891801	0.0108286
0.0108504	0.328295	0.650026	0.0108286
0.0108504	0.973027	0.00529396	0.0108286

#ID = box_49_1_GnGGGCGG
#Score = 82.4237
#W = 8
#Consensus = GnGGGCGG
0.0108504	0.00592837	0.972393	0.0108286
0.0108504	0.650661	0.32766	0.0108286
0.0108504	0.167111	0.81121	0.0108286
0.0108504	0.00592837	0.972393	0.0108286
0.0108504	0.00592837	0.972393	0.0108286
0.0108504	0.973027	0.00529396	0.0108286
0.0108504	0.00592837	0.972393	0.0108286
0.0108504	0.0865199	0.891801	0.0108286

#ID = box_50_1_GnGGGCGG
#Score = 82.2869
#W = 8
#Consensus = GnGGGCGG
0.0108504	0.00592837	0.972393	0.0108286
0.0108504	0.650661	0.32766	0.0108286
0.0108504	0.0865199	0.891801	0.0108286
0.0108504	0.00592837	0.972393	0.0108286
0.0108504	0.00592837	0.972393	0.0108286
0.0108504	0.973027	0.00529396	0.0108286
0.0108504	0.0865199	0.891801	0.0108286
0.0108504	0.00592837	0.972393	0.0108286

#ID = box_51_1_GsGGGCGG
#Score = 81.8147
#W = 8
#Consensus = GsGGGCGG
0.0108504	0.00592837	0.972393	0.0108286
0.0108504	0.570069	0.408252	0.0108286
0.0108504	0.167111	0.81121	0.0108286
0.0108504	0.00592837	0.972393	0.0108286
0.0108504	0.00592837	0.972393	0.0108286
0.0108504	0.892435	0.0858855	0.0108286
0.0108504	0.00592837	0.972393	0.0108286
0.0108504	0.00592837	0.972393	0.0108286

#ID = box_52_1_GGsGGCGG
#Score = 81.5528
#W = 8
#Consensus = GGsGGCGG
0.0108504	0.00592837	0.972393	0.0108286
0.0108504	0.0865199	0.891801	0.0108286
0.0108504	0.570069	0.408252	0.0108286
0.091442	0.00592837	0.891801	0.0108286
0.0108504	0.00592837	0.972393	0.0108286
0.0108504	0.973027	0.00529396	0.0108286
0.0108504	0.00592837	0.972393	0.0108286
0.0108504	0.00592837	0.972393	0.0108286

#ID = box_53_1_GGCGGnnG
#Score = 79.2515
#W = 8
#Consensus = GGCGGnnG
0.0108504	0.00592837	0.972393	0.0108286
0.0108504	0.247703	0.730618	0.0108286
0.0108504	0.973027	0.00529396	0.0108286
0.0108504	0.00592837	0.972393	0.0108286
0.0108504	0.00592837	0.972393	0.0108286
0.0108504	0.328295	0.650026	0.0108286
0.0108504	0.650661	0.32766	0.0108286
0.0108504	0.00592837	0.972393	0.0108286

#ID = box_54_1_GCGGsCGG
#Score = 83.7993
#W = 8
#Consensus = GCGGsCGG
0.0108504	0.0865199	0.891801	0.0108286
0.0108504	0.892435	0.0858855	0.0108286
0.0108504	0.00592837	0.972393	0.0108286
0.0108504	0.00592837	0.972393	0.0108286
0.0108504	0.408886	0.569435	0.0108286
0.0108504	0.973027	0.00529396	0.0108286
0.0108504	0.00592837	0.972393	0.0108286
0.0108504	0.00592837	0.972393	0.0108286

#ID = box_55_1_GsGGGCGG
#Score = 81.8025
#W = 8
#Consensus = GsGGGCGG
0.0108504	0.00592837	0.972393	0.0108286
0.0108504	0.570069	0.408252	0.0108286
0.0108504	0.167111	0.81121	0.0108286
0.0108504	0.00592837	0.972393	0.0108286
0.0108504	0.00592837	0.972393	0.0108286
0.0108504	0.892435	0.00529396	0.0914201
0.0108504	0.00592837	0.972393	0.0108286
0.0108504	0.00592837	0.972393	0.0108286

#ID = box_56_1_GCGGCGGn
#Score = 79.8375
#W = 8
#Consensus = GCGGCGGn
0.0108504	0.00592837	0.972393	0.0108286
0.0108504	0.892435	0.0858855	0.0108286
0.172034	0.00592837	0.81121	0.0108286
0.0108504	0.00592837	0.972393	0.0108286
0.0108504	0.973027	0.00529396	0.0108286
0.0108504	0.0865199	0.891801	0.0108286
0.0108504	0.00592837	0.972393	0.0108286
0.0108504	0.650661	0.32766	0.0108286

#ID = box_57_1_GnGGGCGG
#Score = 82.389
#W = 8
#Consensus = GnGGGCGG
0.0108504	0.00592837	0.972393	0.0108286
0.0108504	0.650661	0.32766	0.0108286
0.0108504	0.0865199	0.891801	0.0108286
0.0108504	0.00592837	0.972393	0.0108286
0.0108504	0.00592837	0.972393	0.0108286
0.0108504	0.973027	0.00529396	0.0108286
0.0108504	0.00592837	0.972393	0.0108286
0.0108504	0.0865199	0.891801	0.0108286

#ID = box_58_1_GGnGGCGG
#Score = 80.7173
#W = 8
#Consensus = GGnGGCGG
0.0108504	0.00592837	0.972393	0.0108286
0.0108504	0.00592837	0.972393	0.0108286
0.0108504	0.247703	0.650026	0.0914201
0.0108504	0.167111	0.81121	0.0108286
0.0108504	0.00592837	0.972393	0.0108286
0.0108504	0.973027	0.00529396	0.0108286
0.0108504	0.00592837	0.972393	0.0108286
0.0108504	0.00592837	0.972393	0.0108286

#ID = box_59_1_GCGGCGGC
#Score = 79.6087
#W = 8
#Consensus = GCGGCGGC
0.0108504	0.00592837	0.972393	0.0108286
0.0108504	0.892435	0.00529396	0.0914201
0.252625	0.00592837	0.730618	0.0108286
0.0108504	0.00592837	0.972393	0.0108286
0.0108504	0.973027	0.00529396	0.0108286
0.091442	0.00592837	0.891801	0.0108286
0.0108504	0.00592837	0.972393	0.0108286
0.091442	0.892435	0.00529396	0.0108286

#ID = box_60_1_GGnGGCGG
#Score = 81.963
#W = 8
#Consensus = GGnGGCGG
0.0108504	0.00592837	0.972393	0.0108286
0.0108504	0.0865199	0.891801	0.0108286
0.0108504	0.650661	0.32766	0.0108286
0.0108504	0.0865199	0.891801	0.0108286
0.0108504	0.00592837	0.972393	0.0108286
0.0108504	0.973027	0.00529396	0.0108286
0.0108504	0.00592837	0.972393	0.0108286
0.0108504	0.00592837	0.972393	0.0108286

#ID = box_61_1_GnGGGCGG
#Score = 82.3673
#W = 8
#Consensus = GnGGGCGG
0.0108504	0.00592837	0.972393	0.0108286
0.0108504	0.650661	0.32766	0.0108286
0.0108504	0.167111	0.81121	0.0108286
0.0108504	0.00592837	0.972393	0.0108286
0.0108504	0.00592837	0.972393	0.0108286
0.0108504	0.973027	0.00529396	0.0108286
0.0108504	0.0865199	0.891801	0.0108286
0.0108504	0.00592837	0.972393	0.0108286

#ID = box_62_1_GGGGGCGG
#Score = 81.355
#W = 8
#Consensus = GGGGGCGG
0.0108504	0.00592837	0.972393	0.0108286
0.0108504	0.00592837	0.972393	0.0108286
0.0108504	0.167111	0.81121	0.0108286
0.091442	0.00592837	0.891801	0.0108286
0.0108504	0.00592837	0.972393	0.0108286
0.0108504	0.973027	0.00529396	0.0108286
0.0108504	0.00592837	0.972393	0.0108286
0.0108504	0.0865199	0.891801	0.0108286

#ID = box_63_1_CCCCGsGs
#Score = 78.7532
#W = 8
#Consensus = CCCCGsGs
0.0108504	0.973027	0.00529396	0.0108286
0.0108504	0.973027	0.00529396	0.0108286
0.0108504	0.973027	0.00529396	0.0108286
0.0108504	0.973027	0.00529396	0.0108286
0.0108504	0.00592837	0.972393	0.0108286
0.0108504	0.408886	0.569435	0.0108286
0.0108504	0.00592837	0.972393	0.0108286
0.0108504	0.570069	0.408252	0.0108286

#ID = box_64_1_CCCCGsGs
#Score = 78.7532
#W = 8
#Consensus = CCCCGsGs
0.0108504	0.973027	0.00529396	0.0108286
0.0108504	0.973027	0.00529396	0.0108286
0.0108504	0.973027	0.00529396	0.0108286
0.0108504	0.973027	0.00529396	0.0108286
0.0108504	0.00592837	0.972393	0.0108286
0.0108504	0.408886	0.569435	0.0108286
0.0108504	0.00592837	0.972393	0.0108286
0.0108504	0.570069	0.408252	0.0108286

#ID = box_65_1_GGGGGCGG
#Score = 80.0893
#W = 8
#Consensus = GGGGGCGG
0.0108504	0.00592837	0.972393	0.0108286
0.0108504	0.247703	0.730618	0.0108286
0.0108504	0.247703	0.730618	0.0108286
0.0108504	0.00592837	0.972393	0.0108286
0.0108504	0.00592837	0.972393	0.0108286
0.0108504	0.973027	0.00529396	0.0108286
0.0108504	0.00592837	0.972393	0.0108286
0.0108504	0.0865199	0.891801	0.0108286

#ID = box_66_1_GGCGGnnG
#Score = 80.0409
#W = 8
#Consensus = GGCGGnnG
0.0108504	0.00592837	0.972393	0.0108286
0.0108504	0.00592837	0.972393	0.0108286
0.0108504	0.973027	0.00529396	0.0108286
0.0108504	0.247703	0.730618	0.0108286
0.0108504	0.00592837	0.972393	0.0108286
0.0108504	0.328295	0.650026	0.0108286
0.0108504	0.650661	0.32766	0.0108286
0.0108504	0.00592837	0.972393	0.0108286

#ID = box_67_1_GCGGCGnC
#Score = 80.8381
#W = 8
#Consensus = GCGGCGnC
0.0108504	0.00592837	0.972393	0.0108286
0.0108504	0.892435	0.0858855	0.0108286
0.0108504	0.00592837	0.972393	0.0108286
0.0108504	0.00592837	0.972393	0.0108286
0.0108504	0.973027	0.00529396	0.0108286
0.0108504	0.00592837	0.972393	0.0108286
0.0108504	0.328295	0.650026	0.0108286
0.0108504	0.811844	0.166477	0.0108286

#ID = box_68_1_GnGGGCGG
#Score = 82.4237
#W = 8
#Consensus = GnGGGCGG
0.0108504	0.00592837	0.972393	0.0108286
0.0108504	0.650661	0.32766	0.0108286
0.0108504	0.167111	0.81121	0.0108286
0.0108504	0.00592837	0.972393	0.0108286
0.0108504	0.00592837	0.972393	0.0108286
0.0108504	0.973027	0.00529396	0.0108286
0.0108504	0.00592837	0.972393	0.0108286
0.0108504	0.0865199	0.891801	0.0108286

#ID = box_69_1_GsGGGCGG
#Score = 82.0306
#W = 8
#Consensus = GsGGGCGG
0.0108504	0.00592837	0.972393	0.0108286
0.0108504	0.570069	0.408252	0.0108286
0.0108504	0.167111	0.81121	0.0108286
0.091442	0.00592837	0.891801	0.0108286
0.0108504	0.00592837	0.972393	0.0108286
0.0108504	0.973027	0.00529396	0.0108286
0.0108504	0.00592837	0.972393	0.0108286
0.0108504	0.00592837	0.972393	0.0108286

#ID = box_70_1_GnCGGGCG
#Score = 80.6133
#W = 8
#Consensus = GnCGGGCG
0.0108504	0.00592837	0.972393	0.0108286
0.0108504	0.328295	0.650026	0.0108286
0.0108504	0.973027	0.00529396	0.0108286
0.0108504	0.247703	0.730618	0.0108286
0.0108504	0.00592837	0.972393	0.0108286
0.0108504	0.0865199	0.891801	0.0108286
0.0108504	0.973027	0.00529396	0.0108286
0.0108504	0.00592837	0.972393	0.0108286

#ID = box_71_1_CGGCGGGC
#Score = 78.8813
#W = 8
#Consensus = CGGCGGGC
0.0108504	0.973027	0.00529396	0.0108286
0.0108504	0.247703	0.730618	0.0108286
0.0108504	0.00592837	0.972393	0.0108286
0.0108504	0.973027	0.00529396	0.0108286
0.0108504	0.00592837	0.972393	0.0108286
0.0108504	0.00592837	0.972393	0.0108286
0.0108504	0.247703	0.730618	0.0108286
0.0108504	0.731252	0.00529396	0.252603

#ID = box_72_1_GsGGGCGG
#Score = 81.8025
#W = 8
#Consensus = GsGGGCGG
0.0108504	0.00592837	0.972393	0.0108286
0.0108504	0.570069	0.408252	0.0108286
0.0108504	0.167111	0.81121	0.0108286
0.0108504	0.00592837	0.972393	0.0108286
0.0108504	0.00592837	0.972393	0.0108286
0.0108504	0.892435	0.00529396	0.0914201
0.0108504	0.00592837	0.972393	0.0108286
0.0108504	0.00592837	0.972393	0.0108286

#ID = box_73_1_GsGGGCGG
#Score = 81.8147
#W = 8
#Consensus = GsGGGCGG
0.0108504	0.00592837	0.972393	0.0108286
0.0108504	0.570069	0.408252	0.0108286
0.0108504	0.167111	0.81121	0.0108286
0.0108504	0.00592837	0.972393	0.0108286
0.0108504	0.00592837	0.972393	0.0108286
0.0108504	0.892435	0.0858855	0.0108286
0.0108504	0.00592837	0.972393	0.0108286
0.0108504	0.00592837	0.972393	0.0108286

#ID = box_74_1_GsCGGGCG
#Score = 79.8068
#W = 8
#Consensus = GsCGGGCG
0.0108504	0.00592837	0.972393	0.0108286
0.0108504	0.489478	0.488843	0.0108286
0.0108504	0.811844	0.166477	0.0108286
0.0108504	0.167111	0.81121	0.0108286
0.0108504	0.00592837	0.972393	0.0108286
0.0108504	0.00592837	0.972393	0.0108286
0.0108504	0.973027	0.00529396	0.0108286
0.0108504	0.00592837	0.972393	0.0108286

#ID = box_75_1_GnGGGCGG
#Score = 82.389
#W = 8
#Consensus = GnGGGCGG
0.0108504	0.00592837	0.972393	0.0108286
0.0108504	0.650661	0.32766	0.0108286
0.0108504	0.0865199	0.891801	0.0108286
0.0108504	0.00592837	0.972393	0.0108286
0.0108504	0.00592837	0.972393	0.0108286
0.0108504	0.973027	0.00529396	0.0108286
0.0108504	0.00592837	0.972393	0.0108286
0.0108504	0.0865199	0.891801	0.0108286

#ID = box_76_1_GGsGGCGG
#Score = 81.5528
#W = 8
#Consensus = GGsGGCGG
0.0108504	0.00592837	0.972393	0.0108286
0.0108504	0.0865199	0.891801	0.0108286
0.0108504	0.570069	0.408252	0.0108286
0.091442	0.00592837	0.891801	0.0108286
0.0108504	0.00592837	0.972393	0.0108286
0.0108504	0.973027	0.00529396	0.0108286
0.0108504	0.00592837	0.972393	0.0108286
0.0108504	0.00592837	0.972393	0.0108286

#ID = box_77_1_GsGGGCGG
#Score = 81.8025
#W = 8
#Consensus = GsGGGCGG
0.0108504	0.00592837	0.972393	0.0108286
0.0108504	0.570069	0.408252	0.0108286
0.0108504	0.167111	0.81121	0.0108286
0.0108504	0.00592837	0.972393	0.0108286
0.0108504	0.00592837	0.972393	0.0108286
0.0108504	0.892435	0.00529396	0.0914201
0.0108504	0.00592837	0.972393	0.0108286
0.0108504	0.00592837	0.972393	0.0108286

#ID = box_78_1_GCGGsCGG
#Score = 83.7993
#W = 8
#Consensus = GCGGsCGG
0.0108504	0.0865199	0.891801	0.0108286
0.0108504	0.892435	0.0858855	0.0108286
0.0108504	0.00592837	0.972393	0.0108286
0.0108504	0.00592837	0.972393	0.0108286
0.0108504	0.408886	0.569435	0.0108286
0.0108504	0.973027	0.00529396	0.0108286
0.0108504	0.00592837	0.972393	0.0108286
0.0108504	0.00592837	0.972393	0.0108286

#ID = box_79_1_GsGGGCGG
#Score = 82.0306
#W = 8
#Consensus = GsGGGCGG
0.0108504	0.00592837	0.972393	0.0108286
0.0108504	0.570069	0.408252	0.0108286
0.0108504	0.167111	0.81121	0.0108286
0.091442	0.00592837	0.891801	0.0108286
0.0108504	0.00592837	0.972393	0.0108286
0.0108504	0.973027	0.00529396	0.0108286
0.0108504	0.00592837	0.972393	0.0108286
0.0108504	0.00592837	0.972393	0.0108286

#ID = box_80_1_GsGGGCGG
#Score = 82.0332
#W = 8
#Consensus = GsGGGCGG
0.0108504	0.00592837	0.972393	0.0108286
0.0108504	0.570069	0.408252	0.0108286
0.0108504	0.0865199	0.891801	0.0108286
0.091442	0.00592837	0.891801	0.0108286
0.0108504	0.00592837	0.972393	0.0108286
0.0108504	0.973027	0.00529396	0.0108286
0.0108504	0.00592837	0.972393	0.0108286
0.0108504	0.00592837	0.972393	0.0108286

#ID = box_81_1_GGGGGCGG
#Score = 79.6289
#W = 8
#Consensus = GGGGGCGG
0.0108504	0.00592837	0.972393	0.0108286
0.0108504	0.247703	0.730618	0.0108286
0.0108504	0.00592837	0.972393	0.0108286
0.0108504	0.00592837	0.972393	0.0108286
0.0108504	0.00592837	0.972393	0.0108286
0.0108504	0.811844	0.0858855	0.0914201
0.0108504	0.00592837	0.972393	0.0108286
0.0108504	0.00592837	0.972393	0.0108286

#ID = box_82_1_GCGGCGGs
#Score = 80.331
#W = 8
#Consensus = GCGGCGGs
0.0108504	0.00592837	0.972393	0.0108286
0.0108504	0.892435	0.0858855	0.0108286
0.0108504	0.00592837	0.972393	0.0108286
0.0108504	0.00592837	0.972393	0.0108286
0.0108504	0.973027	0.00529396	0.0108286
0.0108504	0.167111	0.81121	0.0108286
0.0108504	0.0865199	0.891801	0.0108286
0.0108504	0.570069	0.408252	0.0108286

#ID = box_83_1_GGGCGGGG
#Score = 79.6431
#W = 8
#Consensus = GGGCGGGG
0.0108504	0.00592837	0.972393	0.0108286
0.0108504	0.0865199	0.891801	0.0108286
0.0108504	0.00592837	0.972393	0.0108286
0.091442	0.892435	0.00529396	0.0108286
0.0108504	0.00592837	0.972393	0.0108286
0.0108504	0.00592837	0.891801	0.0914201
0.0108504	0.00592837	0.81121	0.172012
0.0108504	0.00592837	0.972393	0.0108286

#ID = box_84_1_GGGCGGGG
#Score = 79.0372
#W = 8
#Consensus = GGGCGGGG
0.0108504	0.00592837	0.972393	0.0108286
0.0108504	0.00592837	0.972393	0.0108286
0.0108504	0.00592837	0.972393	0.0108286
0.0108504	0.811844	0.166477	0.0108286
0.0108504	0.00592837	0.972393	0.0108286
0.0108504	0.00592837	0.972393	0.0108286
0.0108504	0.00592837	0.81121	0.172012
0.0108504	0.0865199	0.891801	0.0108286

#ID = box_85_1_CCCCGsGs
#Score = 78.7532
#W = 8
#Consensus = CCCCGsGs
0.0108504	0.973027	0.00529396	0.0108286
0.0108504	0.973027	0.00529396	0.0108286
0.0108504	0.973027	0.00529396	0.0108286
0.0108504	0.973027	0.00529396	0.0108286
0.0108504	0.00592837	0.972393	0.0108286
0.0108504	0.408886	0.569435	0.0108286
0.0108504	0.00592837	0.972393	0.0108286
0.0108504	0.570069	0.408252	0.0108286

#ID = box_86_1_GnGGGCGG
#Score = 82.4237
#W = 8
#Consensus = GnGGGCGG
0.0108504	0.00592837	0.972393	0.0108286
0.0108504	0.650661	0.32766	0.0108286
0.0108504	0.167111	0.81121	0.0108286
0.0108504	0.00592837	0.972393	0.0108286
0.0108504	0.00592837	0.972393	0.0108286
0.0108504	0.973027	0.00529396	0.0108286
0.0108504	0.00592837	0.972393	0.0108286
0.0108504	0.0865199	0.891801	0.0108286

#ID = box_87_1_GGGCGGGG
#Score = 79.4906
#W = 8
#Consensus = GGGCGGGG
0.0108504	0.00592837	0.972393	0.0108286
0.0108504	0.0865199	0.891801	0.0108286
0.0108504	0.00592837	0.972393	0.0108286
0.0108504	0.811844	0.0858855	0.0914201
0.0108504	0.00592837	0.972393	0.0108286
0.0108504	0.00592837	0.972393	0.0108286
0.0108504	0.00592837	0.81121	0.172012
0.0108504	0.00592837	0.972393	0.0108286

#ID = box_88_1_GCGGnCGG
#Score = 83.9192
#W = 8
#Consensus = GCGGnCGG
0.0108504	0.00592837	0.972393	0.0108286
0.0108504	0.973027	0.00529396	0.0108286
0.0108504	0.00592837	0.972393	0.0108286
0.0108504	0.00592837	0.972393	0.0108286
0.0108504	0.328295	0.650026	0.0108286
0.0108504	0.892435	0.0858855	0.0108286
0.0108504	0.0865199	0.891801	0.0108286
0.0108504	0.00592837	0.972393	0.0108286

#ID = box_89_1_GsGGGCGG
#Score = 82.0306
#W = 8
#Consensus = GsGGGCGG
0.0108504	0.00592837	0.972393	0.0108286
0.0108504	0.570069	0.408252	0.0108286
0.0108504	0.167111	0.81121	0.0108286
0.091442	0.00592837	0.891801	0.0108286
0.0108504	0.00592837	0.972393	0.0108286
0.0108504	0.973027	0.00529396	0.0108286
0.0108504	0.00592837	0.972393	0.0108286
0.0108504	0.00592837	0.972393	0.0108286

#ID = box_90_1_GsGGGCGG
#Score = 82.0306
#W = 8
#Consensus = GsGGGCGG
0.0108504	0.00592837	0.972393	0.0108286
0.0108504	0.570069	0.408252	0.0108286
0.0108504	0.167111	0.81121	0.0108286
0.091442	0.00592837	0.891801	0.0108286
0.0108504	0.00592837	0.972393	0.0108286
0.0108504	0.973027	0.00529396	0.0108286
0.0108504	0.00592837	0.972393	0.0108286
0.0108504	0.00592837	0.972393	0.0108286

#ID = box_91_1_GnGGGCGG
#Score = 81.5458
#W = 8
#Consensus = GnGGGCGG
0.0108504	0.00592837	0.972393	0.0108286
0.091442	0.570069	0.32766	0.0108286
0.0108504	0.00592837	0.972393	0.0108286
0.0108504	0.0865199	0.891801	0.0108286
0.0108504	0.0865199	0.891801	0.0108286
0.0108504	0.973027	0.00529396	0.0108286
0.0108504	0.00592837	0.972393	0.0108286
0.0108504	0.00592837	0.972393	0.0108286

#ID = box_92_1_nGGGCGGG
#Score = 79.1996
#W = 8
#Consensus = nGGGCGGG
0.091442	0.650661	0.247069	0.0108286
0.0108504	0.00592837	0.972393	0.0108286
0.0108504	0.0865199	0.891801	0.0108286
0.0108504	0.00592837	0.972393	0.0108286
0.0108504	0.973027	0.00529396	0.0108286
0.0108504	0.00592837	0.972393	0.0108286
0.0108504	0.0865199	0.891801	0.0108286
0.0108504	0.00592837	0.891801	0.0914201

#ID = box_93_1_GCGGnCGG
#Score = 83.9651
#W = 8
#Consensus = GCGGnCGG
0.0108504	0.00592837	0.972393	0.0108286
0.0108504	0.892435	0.0858855	0.0108286
0.0108504	0.00592837	0.972393	0.0108286
0.0108504	0.00592837	0.972393	0.0108286
0.0108504	0.328295	0.650026	0.0108286
0.0108504	0.973027	0.00529396	0.0108286
0.0108504	0.00592837	0.972393	0.0108286
0.0108504	0.0865199	0.891801	0.0108286

#ID = box_94_1_GsGGGCGG
#Score = 82.0306
#W = 8
#Consensus = GsGGGCGG
0.0108504	0.00592837	0.972393	0.0108286
0.0108504	0.570069	0.408252	0.0108286
0.0108504	0.167111	0.81121	0.0108286
0.091442	0.00592837	0.891801	0.0108286
0.0108504	0.00592837	0.972393	0.0108286
0.0108504	0.973027	0.00529396	0.0108286
0.0108504	0.00592837	0.972393	0.0108286
0.0108504	0.00592837	0.972393	0.0108286

#ID = box_95_1_CGGmCnCC
#Score = 74.5028
#W = 8
#Consensus = CGGmCnCC
0.0108504	0.973027	0.00529396	0.0108286
0.0108504	0.00592837	0.972393	0.0108286
0.0108504	0.00592837	0.972393	0.0108286
0.413808	0.570069	0.00529396	0.0108286
0.0108504	0.892435	0.0858855	0.0108286
0.0108504	0.650661	0.32766	0.0108286
0.0108504	0.973027	0.00529396	0.0108286
0.0108504	0.731252	0.247069	0.0108286

#ID = box_96_1_GsGGGCGG
#Score = 82.0306
#W = 8
#Consensus = GsGGGCGG
0.0108504	0.00592837	0.972393	0.0108286
0.0108504	0.570069	0.408252	0.0108286
0.0108504	0.167111	0.81121	0.0108286
0.091442	0.00592837	0.891801	0.0108286
0.0108504	0.00592837	0.972393	0.0108286
0.0108504	0.973027	0.00529396	0.0108286
0.0108504	0.00592837	0.972393	0.0108286
0.0108504	0.00592837	0.972393	0.0108286

#ID = box_97_1_GsGGGCGG
#Score = 82.0306
#W = 8
#Consensus = GsGGGCGG
0.0108504	0.00592837	0.972393	0.0108286
0.0108504	0.570069	0.408252	0.0108286
0.0108504	0.167111	0.81121	0.0108286
0.091442	0.00592837	0.891801	0.0108286
0.0108504	0.00592837	0.972393	0.0108286
0.0108504	0.973027	0.00529396	0.0108286
0.0108504	0.00592837	0.972393	0.0108286
0.0108504	0.00592837	0.972393	0.0108286

#ID = box_98_1_GGGCGGnG
#Score = 78.3737
#W = 8
#Consensus = GGGCGGnG
0.0108504	0.00592837	0.891801	0.0914201
0.0108504	0.00592837	0.972393	0.0108286
0.0108504	0.167111	0.81121	0.0108286
0.0108504	0.892435	0.0858855	0.0108286
0.0108504	0.00592837	0.972393	0.0108286
0.0108504	0.00592837	0.972393	0.0108286
0.0108504	0.328295	0.650026	0.0108286
0.0108504	0.00592837	0.972393	0.0108286

#ID = box_99_1_GCGGCGGC
#Score = 81.0497
#W = 8
#Consensus = GCGGCGGC
0.0108504	0.00592837	0.972393	0.0108286
0.0108504	0.973027	0.00529396	0.0108286
0.0108504	0.00592837	0.972393	0.0108286
0.0108504	0.00592837	0.972393	0.0108286
0.0108504	0.973027	0.00529396	0.0108286
0.091442	0.00592837	0.891801	0.0108286
0.0108504	0.247703	0.730618	0.0108286
0.0108504	0.811844	0.166477	0.0108286

#ID = box_100_1_GsGGGCGG
#Score = 82.0306
#W = 8
#Consensus = GsGGGCGG
0.0108504	0.00592837	0.972393	0.0108286
0.0108504	0.570069	0.408252	0.0108286
0.0108504	0.167111	0.81121	0.0108286
0.091442	0.00592837	0.891801	0.0108286
0.0108504	0.00592837	0.972393	0.0108286
0.0108504	0.973027	0.00529396	0.0108286
0.0108504	0.00592837	0.972393	0.0108286
0.0108504	0.00592837	0.972393	0.0108286

#END - Application ends successfully.
