#INCLUSive Motif Model
#
#The results in this file are NOT complete as long as there is no END-sign at the bottom of this file!
#ID = box_1_1_ATTCyTAC
#Score = 39.249
#W = 8
#Consensus = ATTCyTAC
0.761396	0.198373	0.0132101	0.0270208
0.0270754	0.0147932	0.19679	0.761341
0.0270754	0.0147932	0.0132101	0.944921
0.0270754	0.932694	0.0132101	0.0270208
0.0270754	0.565534	0.0132101	0.394181
0.0270754	0.0147932	0.0132101	0.944921
0.944976	0.0147932	0.0132101	0.0270208
0.0270754	0.749114	0.0132101	0.210601

#ID = box_2_1_ATTCyTAC
#Score = 37.8811
#W = 8
#Consensus = ATTCyTAC
0.798405	0.167604	0.0111612	0.0228297
0.0228758	0.0124987	0.166267	0.798359
0.0228758	0.0124987	0.166267	0.798359
0.0228758	0.943133	0.0111612	0.0228297
0.0228758	0.632922	0.0111612	0.333041
0.0228758	0.0124987	0.166267	0.798359
0.95351	0.0124987	0.0111612	0.0228297
0.0228758	0.788028	0.0111612	0.177935

#ID = box_3_1_CAwCknTA
#Score = 43.1228
#W = 8
#Consensus = CAwCknTA
0.0228758	0.943133	0.0111612	0.0228297
0.95351	0.0124987	0.0111612	0.0228297
0.333087	0.167604	0.0111612	0.488147
0.0228758	0.943133	0.0111612	0.0228297
0.0228758	0.0124987	0.476479	0.488147
0.643299	0.0124987	0.321373	0.0228297
0.0228758	0.0124987	0.0111612	0.953464
0.798405	0.0124987	0.166267	0.0228297

#ID = box_4_1_CAnCkATA
#Score = 43.3174
#W = 8
#Consensus = CAnCkATA
0.0270754	0.932694	0.0132101	0.0270208
0.944976	0.0147932	0.0132101	0.0270208
0.210655	0.198373	0.0132101	0.577761
0.0270754	0.932694	0.0132101	0.0270208
0.0270754	0.0147932	0.56395	0.394181
0.761396	0.0147932	0.19679	0.0270208
0.0270754	0.0147932	0.0132101	0.944921
0.761396	0.0147932	0.19679	0.0270208

#ID = box_5_1_CAwCknTA
#Score = 43.06
#W = 8
#Consensus = CAwCknTA
0.0228758	0.943133	0.0111612	0.0228297
0.95351	0.0124987	0.0111612	0.0228297
0.488193	0.167604	0.0111612	0.333041
0.0228758	0.943133	0.0111612	0.0228297
0.0228758	0.0124987	0.631584	0.333041
0.488193	0.0124987	0.321373	0.177935
0.0228758	0.0124987	0.0111612	0.953464
0.798405	0.167604	0.0111612	0.0228297

#ID = box_6_1_CAnsGATw
#Score = 42.3891
#W = 8
#Consensus = CAnsGATw
0.0174596	0.956597	0.0085186	0.0174244
0.964518	0.00953943	0.0085186	0.0174244
0.0174596	0.246304	0.245283	0.490953
0.0174596	0.364686	0.60043	0.0174244
0.0174596	0.00953943	0.955577	0.0174244
0.727753	0.00953943	0.126901	0.135807
0.0174596	0.00953943	0.245283	0.727718
0.490989	0.00953943	0.0085186	0.490953

#ID = box_7_1_TyAGTAyT
#Score = 38.1831
#W = 8
#Consensus = TyAGTAyT
0.0270754	0.0147932	0.0132101	0.944921
0.0270754	0.381953	0.0132101	0.577761
0.944976	0.0147932	0.0132101	0.0270208
0.0270754	0.0147932	0.931111	0.0270208
0.0270754	0.0147932	0.0132101	0.944921
0.761396	0.198373	0.0132101	0.0270208
0.210655	0.381953	0.0132101	0.394181
0.0270754	0.0147932	0.19679	0.761341

#ID = box_8_1_GTArGAAw
#Score = 39.0745
#W = 8
#Consensus = GTArGAAw
0.0270754	0.0147932	0.931111	0.0270208
0.0270754	0.0147932	0.0132101	0.944921
0.944976	0.0147932	0.0132101	0.0270208
0.394236	0.0147932	0.38037	0.210601
0.0270754	0.0147932	0.931111	0.0270208
0.944976	0.0147932	0.0132101	0.0270208
0.761396	0.0147932	0.0132101	0.210601
0.577816	0.0147932	0.0132101	0.394181

#ID = box_9_1_CAwCknTA
#Score = 43.1228
#W = 8
#Consensus = CAwCknTA
0.0228758	0.943133	0.0111612	0.0228297
0.95351	0.0124987	0.0111612	0.0228297
0.333087	0.167604	0.0111612	0.488147
0.0228758	0.943133	0.0111612	0.0228297
0.0228758	0.0124987	0.476479	0.488147
0.643299	0.0124987	0.321373	0.0228297
0.0228758	0.0124987	0.0111612	0.953464
0.798405	0.0124987	0.166267	0.0228297

#ID = box_10_1_CAwTTCwT
#Score = 34.8155
#W = 8
#Consensus = CAwTTCwT
0.0228758	0.788028	0.0111612	0.177935
0.95351	0.0124987	0.0111612	0.0228297
0.488193	0.0124987	0.0111612	0.488147
0.0228758	0.0124987	0.0111612	0.953464
0.0228758	0.0124987	0.0111612	0.953464
0.0228758	0.943133	0.0111612	0.0228297
0.488193	0.167604	0.0111612	0.333041
0.0228758	0.0124987	0.0111612	0.953464

#ID = box_11_1_GAkATrAn
#Score = 38.025
#W = 8
#Consensus = GAkATrAn
0.0270754	0.0147932	0.931111	0.0270208
0.944976	0.0147932	0.0132101	0.0270208
0.0270754	0.0147932	0.38037	0.577761
0.944976	0.0147932	0.0132101	0.0270208
0.0270754	0.0147932	0.0132101	0.944921
0.394236	0.0147932	0.56395	0.0270208
0.944976	0.0147932	0.0132101	0.0270208
0.577816	0.198373	0.0132101	0.210601

#ID = box_12_1_GCnmCnAT
#Score = 41.7484
#W = 8
#Consensus = GCnmCnAT
0.0198041	0.0108204	0.949611	0.0197641
0.0198041	0.682212	0.00966247	0.288321
0.288361	0.413656	0.278219	0.0197641
0.422639	0.547934	0.00966247	0.0197641
0.0198041	0.950769	0.00966247	0.0197641
0.288361	0.279377	0.412498	0.0197641
0.691196	0.0108204	0.278219	0.0197641
0.0198041	0.279377	0.00966247	0.691156

#ID = box_13_1_TTCTTAyk
#Score = 36.377
#W = 8
#Consensus = TTCTTAyk
0.0228758	0.0124987	0.0111612	0.953464
0.177982	0.0124987	0.0111612	0.798359
0.0228758	0.943133	0.0111612	0.0228297
0.0228758	0.0124987	0.0111612	0.953464
0.0228758	0.167604	0.0111612	0.798359
0.798405	0.0124987	0.166267	0.0228297
0.0228758	0.477816	0.0111612	0.488147
0.0228758	0.0124987	0.476479	0.488147

#ID = box_14_1_CAwCknTA
#Score = 43.1228
#W = 8
#Consensus = CAwCknTA
0.0228758	0.943133	0.0111612	0.0228297
0.95351	0.0124987	0.0111612	0.0228297
0.333087	0.167604	0.0111612	0.488147
0.0228758	0.943133	0.0111612	0.0228297
0.0228758	0.0124987	0.476479	0.488147
0.643299	0.0124987	0.321373	0.0228297
0.0228758	0.0124987	0.0111612	0.953464
0.798405	0.0124987	0.166267	0.0228297

#ID = box_15_1_GCnmCnrT
#Score = 41.928
#W = 8
#Consensus = GCnmCnrT
0.0270754	0.0147932	0.931111	0.0270208
0.0270754	0.932694	0.0132101	0.0270208
0.210655	0.565534	0.0132101	0.210601
0.394236	0.565534	0.0132101	0.0270208
0.210655	0.749114	0.0132101	0.0270208
0.210655	0.198373	0.56395	0.0270208
0.577816	0.0147932	0.38037	0.0270208
0.0270754	0.0147932	0.0132101	0.944921

#ID = box_16_1_CTCATTkm
#Score = 30.4464
#W = 8
#Consensus = CTCATTkm
0.0270754	0.749114	0.0132101	0.210601
0.0270754	0.0147932	0.0132101	0.944921
0.0270754	0.932694	0.0132101	0.0270208
0.944976	0.0147932	0.0132101	0.0270208
0.0270754	0.0147932	0.0132101	0.944921
0.0270754	0.0147932	0.0132101	0.944921
0.0270754	0.0147932	0.38037	0.577761
0.394236	0.565534	0.0132101	0.0270208

#ID = box_17_1_CAnnGAnw
#Score = 41.9059
#W = 8
#Consensus = CAnnGAnw
0.0228758	0.943133	0.0111612	0.0228297
0.95351	0.0124987	0.0111612	0.0228297
0.0228758	0.167604	0.321373	0.488147
0.0228758	0.32271	0.631584	0.0228297
0.0228758	0.0124987	0.941796	0.0228297
0.95351	0.0124987	0.0111612	0.0228297
0.0228758	0.0124987	0.321373	0.643253
0.488193	0.0124987	0.0111612	0.488147

#ID = box_18_1_rkwwTAnT
#Score = 34.4998
#W = 8
#Consensus = rkwwTAnT
0.488193	0.0124987	0.476479	0.0228297
0.0228758	0.0124987	0.476479	0.488147
0.643299	0.0124987	0.0111612	0.333041
0.643299	0.0124987	0.0111612	0.333041
0.0228758	0.0124987	0.0111612	0.953464
0.95351	0.0124987	0.0111612	0.0228297
0.177982	0.0124987	0.631584	0.177935
0.0228758	0.0124987	0.0111612	0.953464

#ID = box_19_1_AwTCnTAC
#Score = 38.7228
#W = 8
#Consensus = AwTCnTAC
0.95351	0.0124987	0.0111612	0.0228297
0.488193	0.0124987	0.0111612	0.488147
0.0228758	0.0124987	0.166267	0.798359
0.0228758	0.943133	0.0111612	0.0228297
0.177982	0.632922	0.0111612	0.177935
0.0228758	0.0124987	0.0111612	0.953464
0.95351	0.0124987	0.0111612	0.0228297
0.0228758	0.788028	0.0111612	0.177935

#ID = box_20_1_GTAnGAww
#Score = 40.1359
#W = 8
#Consensus = GTAnGAww
0.0228758	0.0124987	0.941796	0.0228297
0.0228758	0.0124987	0.0111612	0.953464
0.95351	0.0124987	0.0111612	0.0228297
0.643299	0.0124987	0.321373	0.0228297
0.0228758	0.0124987	0.941796	0.0228297
0.95351	0.0124987	0.0111612	0.0228297
0.643299	0.0124987	0.0111612	0.333041
0.488193	0.0124987	0.166267	0.333041

#ID = box_21_1_wGAkATrA
#Score = 38.2151
#W = 8
#Consensus = wGAkATrA
0.333087	0.167604	0.0111612	0.488147
0.0228758	0.0124987	0.941796	0.0228297
0.95351	0.0124987	0.0111612	0.0228297
0.0228758	0.0124987	0.631584	0.333041
0.95351	0.0124987	0.0111612	0.0228297
0.0228758	0.167604	0.0111612	0.798359
0.488193	0.0124987	0.476479	0.0228297
0.95351	0.0124987	0.0111612	0.0228297

#ID = box_22_1_CAwCkrTA
#Score = 43.2356
#W = 8
#Consensus = CAwCkrTA
0.0228758	0.943133	0.0111612	0.0228297
0.798405	0.167604	0.0111612	0.0228297
0.488193	0.167604	0.0111612	0.333041
0.0228758	0.943133	0.0111612	0.0228297
0.0228758	0.0124987	0.631584	0.333041
0.488193	0.0124987	0.476479	0.0228297
0.0228758	0.0124987	0.0111612	0.953464
0.798405	0.0124987	0.0111612	0.177935

#ID = box_23_1_CAwCknTA
#Score = 43.1228
#W = 8
#Consensus = CAwCknTA
0.0228758	0.943133	0.0111612	0.0228297
0.95351	0.0124987	0.0111612	0.0228297
0.333087	0.167604	0.0111612	0.488147
0.0228758	0.943133	0.0111612	0.0228297
0.0228758	0.0124987	0.476479	0.488147
0.643299	0.0124987	0.321373	0.0228297
0.0228758	0.0124987	0.0111612	0.953464
0.798405	0.0124987	0.166267	0.0228297

#ID = box_24_1_AAmTAwAn
#Score = 35.4207
#W = 8
#Consensus = AAmTAwAn
0.95351	0.0124987	0.0111612	0.0228297
0.95351	0.0124987	0.0111612	0.0228297
0.333087	0.632922	0.0111612	0.0228297
0.0228758	0.0124987	0.0111612	0.953464
0.798405	0.0124987	0.166267	0.0228297
0.488193	0.0124987	0.0111612	0.488147
0.95351	0.0124987	0.0111612	0.0228297
0.643299	0.32271	0.0111612	0.0228297

#ID = box_25_1_AyAGTGnm
#Score = 41.6366
#W = 8
#Consensus = AyAGTGnm
0.944976	0.0147932	0.0132101	0.0270208
0.0270754	0.565534	0.0132101	0.394181
0.761396	0.198373	0.0132101	0.0270208
0.0270754	0.0147932	0.931111	0.0270208
0.0270754	0.0147932	0.0132101	0.944921
0.0270754	0.0147932	0.747531	0.210601
0.210655	0.198373	0.56395	0.0270208
0.394236	0.565534	0.0132101	0.0270208

#ID = box_26_1_CTGTArGA
#Score = 35.3009
#W = 8
#Consensus = CTGTArGA
0.258023	0.692699	0.0161806	0.0330966
0.0331635	0.0181196	0.0161806	0.932536
0.0331635	0.0181196	0.91562	0.0330966
0.0331635	0.0181196	0.0161806	0.932536
0.932603	0.0181196	0.0161806	0.0330966
0.482883	0.0181196	0.4659	0.0330966
0.0331635	0.0181196	0.91562	0.0330966
0.932603	0.0181196	0.0161806	0.0330966

#ID = box_27_1_yTGnyATn
#Score = 33.4339
#W = 8
#Consensus = yTGnyATn
0.0270754	0.565534	0.0132101	0.394181
0.210655	0.0147932	0.0132101	0.761341
0.0270754	0.0147932	0.931111	0.0270208
0.0270754	0.198373	0.56395	0.210601
0.0270754	0.565534	0.0132101	0.394181
0.761396	0.0147932	0.19679	0.0270208
0.0270754	0.0147932	0.0132101	0.944921
0.210655	0.565534	0.0132101	0.210601

#ID = box_28_1_CAwCGwTA
#Score = 41.3568
#W = 8
#Consensus = CAwCGwTA
0.0228758	0.788028	0.0111612	0.177935
0.798405	0.0124987	0.166267	0.0228297
0.333087	0.167604	0.0111612	0.488147
0.0228758	0.788028	0.0111612	0.177935
0.0228758	0.0124987	0.941796	0.0228297
0.333087	0.0124987	0.321373	0.333041
0.0228758	0.0124987	0.0111612	0.953464
0.798405	0.167604	0.0111612	0.0228297

#ID = box_29_1_CATsGATw
#Score = 43.1246
#W = 8
#Consensus = CATsGATw
0.0270754	0.932694	0.0132101	0.0270208
0.944976	0.0147932	0.0132101	0.0270208
0.0270754	0.0147932	0.19679	0.761341
0.0270754	0.381953	0.56395	0.0270208
0.0270754	0.0147932	0.931111	0.0270208
0.761396	0.0147932	0.19679	0.0270208
0.0270754	0.0147932	0.19679	0.761341
0.394236	0.0147932	0.0132101	0.577761

#ID = box_30_1_CAyCGATA
#Score = 42.6238
#W = 8
#Consensus = CAyCGATA
0.0270754	0.749114	0.0132101	0.210601
0.944976	0.0147932	0.0132101	0.0270208
0.210655	0.381953	0.0132101	0.394181
0.0270754	0.932694	0.0132101	0.0270208
0.0270754	0.0147932	0.747531	0.210601
0.761396	0.0147932	0.19679	0.0270208
0.0270754	0.0147932	0.0132101	0.944921
0.761396	0.0147932	0.19679	0.0270208

#ID = box_31_1_GmGAwAAw
#Score = 36.3216
#W = 8
#Consensus = GmGAwAAw
0.0270754	0.198373	0.747531	0.0270208
0.394236	0.381953	0.0132101	0.210601
0.0270754	0.0147932	0.931111	0.0270208
0.944976	0.0147932	0.0132101	0.0270208
0.394236	0.0147932	0.0132101	0.577761
0.944976	0.0147932	0.0132101	0.0270208
0.944976	0.0147932	0.0132101	0.0270208
0.394236	0.0147932	0.0132101	0.577761

#ID = box_32_1_kCmTmTTC
#Score = 36.3534
#W = 8
#Consensus = kCmTmTTC
0.0198041	0.0108204	0.546776	0.422599
0.154083	0.816491	0.00966247	0.0197641
0.422639	0.547934	0.00966247	0.0197641
0.0198041	0.0108204	0.00966247	0.959713
0.422639	0.547934	0.00966247	0.0197641
0.154083	0.0108204	0.00966247	0.825435
0.0198041	0.0108204	0.00966247	0.959713
0.0198041	0.816491	0.143941	0.0197641

#ID = box_33_1_GAkAnAAT
#Score = 34.2055
#W = 8
#Consensus = GAkAnAAT
0.0270754	0.0147932	0.931111	0.0270208
0.761396	0.0147932	0.19679	0.0270208
0.0270754	0.0147932	0.38037	0.577761
0.944976	0.0147932	0.0132101	0.0270208
0.0270754	0.198373	0.19679	0.577761
0.761396	0.0147932	0.0132101	0.210601
0.761396	0.0147932	0.19679	0.0270208
0.210655	0.0147932	0.0132101	0.761341

#ID = box_34_1_CAnCkrTA
#Score = 43.0267
#W = 8
#Consensus = CAnCkrTA
0.0270754	0.932694	0.0132101	0.0270208
0.944976	0.0147932	0.0132101	0.0270208
0.0270754	0.198373	0.19679	0.577761
0.0270754	0.932694	0.0132101	0.0270208
0.0270754	0.0147932	0.56395	0.394181
0.577816	0.0147932	0.38037	0.0270208
0.0270754	0.0147932	0.0132101	0.944921
0.761396	0.0147932	0.19679	0.0270208

#ID = box_35_1_GnkAnAAn
#Score = 36.098
#W = 8
#Consensus = GnkAnAAn
0.177982	0.0124987	0.78669	0.0228297
0.643299	0.0124987	0.321373	0.0228297
0.0228758	0.0124987	0.631584	0.333041
0.95351	0.0124987	0.0111612	0.0228297
0.0228758	0.32271	0.0111612	0.643253
0.95351	0.0124987	0.0111612	0.0228297
0.798405	0.0124987	0.166267	0.0228297
0.0228758	0.32271	0.0111612	0.643253

#ID = box_36_1_CmwCGrTn
#Score = 42.9753
#W = 8
#Consensus = CmwCGrTn
0.0228758	0.943133	0.0111612	0.0228297
0.488193	0.477816	0.0111612	0.0228297
0.488193	0.167604	0.0111612	0.333041
0.0228758	0.943133	0.0111612	0.0228297
0.177982	0.0124987	0.78669	0.0228297
0.488193	0.0124987	0.476479	0.0228297
0.0228758	0.0124987	0.0111612	0.953464
0.488193	0.0124987	0.321373	0.177935

#ID = box_37_1_ATTCCTAC
#Score = 39.4413
#W = 8
#Consensus = ATTCCTAC
0.825475	0.145099	0.00966247	0.0197641
0.154083	0.0108204	0.143941	0.691156
0.0198041	0.0108204	0.00966247	0.959713
0.154083	0.816491	0.00966247	0.0197641
0.0198041	0.682212	0.00966247	0.288321
0.0198041	0.0108204	0.00966247	0.959713
0.959753	0.0108204	0.00966247	0.0197641
0.0198041	0.816491	0.00966247	0.154043

#ID = box_38_1_TGnCATCT
#Score = 40.1227
#W = 8
#Consensus = TGnCATCT
0.177982	0.0124987	0.0111612	0.798359
0.0228758	0.0124987	0.941796	0.0228297
0.177982	0.167604	0.321373	0.333041
0.0228758	0.943133	0.0111612	0.0228297
0.798405	0.167604	0.0111612	0.0228297
0.177982	0.0124987	0.0111612	0.798359
0.0228758	0.943133	0.0111612	0.0228297
0.0228758	0.167604	0.0111612	0.798359

#ID = box_39_1_CATTTCAT
#Score = 34.7889
#W = 8
#Consensus = CATTTCAT
0.154083	0.816491	0.00966247	0.0197641
0.825475	0.0108204	0.00966247	0.154043
0.288361	0.0108204	0.00966247	0.691156
0.0198041	0.0108204	0.00966247	0.959713
0.0198041	0.0108204	0.00966247	0.959713
0.0198041	0.950769	0.00966247	0.0197641
0.691196	0.0108204	0.00966247	0.288321
0.154083	0.0108204	0.00966247	0.825435

#ID = box_40_1_CAwCknTA
#Score = 43.1228
#W = 8
#Consensus = CAwCknTA
0.0228758	0.943133	0.0111612	0.0228297
0.95351	0.0124987	0.0111612	0.0228297
0.333087	0.167604	0.0111612	0.488147
0.0228758	0.943133	0.0111612	0.0228297
0.0228758	0.0124987	0.476479	0.488147
0.643299	0.0124987	0.321373	0.0228297
0.0228758	0.0124987	0.0111612	0.953464
0.798405	0.0124987	0.166267	0.0228297

#ID = box_41_1_CAynGrTn
#Score = 41.1033
#W = 8
#Consensus = CAynGrTn
0.0228758	0.943133	0.0111612	0.0228297
0.798405	0.0124987	0.166267	0.0228297
0.0228758	0.477816	0.0111612	0.488147
0.0228758	0.632922	0.166267	0.177935
0.177982	0.0124987	0.78669	0.0228297
0.333087	0.0124987	0.476479	0.177935
0.0228758	0.0124987	0.0111612	0.953464
0.643299	0.167604	0.0111612	0.177935

#ID = box_42_1_CTGTAAGA
#Score = 40.6215
#W = 8
#Consensus = CTGTAAGA
0.154083	0.682212	0.00966247	0.154043
0.0198041	0.0108204	0.00966247	0.959713
0.288361	0.0108204	0.681055	0.0197641
0.0198041	0.0108204	0.00966247	0.959713
0.959753	0.0108204	0.00966247	0.0197641
0.691196	0.0108204	0.278219	0.0197641
0.0198041	0.0108204	0.949611	0.0197641
0.825475	0.0108204	0.00966247	0.154043

#ID = box_43_1_nkCATCTT
#Score = 35.0992
#W = 8
#Consensus = nkCATCTT
0.210655	0.198373	0.56395	0.0270208
0.0270754	0.0147932	0.56395	0.394181
0.0270754	0.932694	0.0132101	0.0270208
0.761396	0.0147932	0.0132101	0.210601
0.210655	0.0147932	0.0132101	0.761341
0.0270754	0.749114	0.0132101	0.210601
0.0270754	0.0147932	0.19679	0.761341
0.0270754	0.0147932	0.19679	0.761341

#ID = box_44_1_CnwCkrTA
#Score = 39.3894
#W = 8
#Consensus = CnwCkrTA
0.0228758	0.943133	0.0111612	0.0228297
0.643299	0.167604	0.0111612	0.177935
0.488193	0.0124987	0.0111612	0.488147
0.0228758	0.943133	0.0111612	0.0228297
0.177982	0.0124987	0.476479	0.333041
0.488193	0.0124987	0.476479	0.0228297
0.0228758	0.0124987	0.0111612	0.953464
0.798405	0.0124987	0.0111612	0.177935

#ID = box_45_1_CATCGATn
#Score = 41.6431
#W = 8
#Consensus = CATCGATn
0.0270754	0.932694	0.0132101	0.0270208
0.944976	0.0147932	0.0132101	0.0270208
0.0270754	0.198373	0.0132101	0.761341
0.0270754	0.749114	0.19679	0.0270208
0.0270754	0.0147932	0.747531	0.210601
0.761396	0.0147932	0.19679	0.0270208
0.0270754	0.0147932	0.0132101	0.944921
0.577816	0.0147932	0.19679	0.210601

#ID = box_46_1_nnmTATAA
#Score = 36.5219
#W = 8
#Consensus = nnmTATAA
0.177982	0.632922	0.0111612	0.177935
0.643299	0.0124987	0.321373	0.0228297
0.333087	0.632922	0.0111612	0.0228297
0.177982	0.0124987	0.0111612	0.798359
0.95351	0.0124987	0.0111612	0.0228297
0.0228758	0.0124987	0.0111612	0.953464
0.95351	0.0124987	0.0111612	0.0228297
0.95351	0.0124987	0.0111612	0.0228297

#ID = box_47_1_CAnnGAnw
#Score = 41.9059
#W = 8
#Consensus = CAnnGAnw
0.0228758	0.943133	0.0111612	0.0228297
0.95351	0.0124987	0.0111612	0.0228297
0.0228758	0.167604	0.321373	0.488147
0.0228758	0.32271	0.631584	0.0228297
0.0228758	0.0124987	0.941796	0.0228297
0.95351	0.0124987	0.0111612	0.0228297
0.0228758	0.0124987	0.321373	0.643253
0.488193	0.0124987	0.0111612	0.488147

#ID = box_48_1_CAwCkrTA
#Score = 43.2356
#W = 8
#Consensus = CAwCkrTA
0.0228758	0.943133	0.0111612	0.0228297
0.798405	0.167604	0.0111612	0.0228297
0.488193	0.167604	0.0111612	0.333041
0.0228758	0.943133	0.0111612	0.0228297
0.0228758	0.0124987	0.631584	0.333041
0.488193	0.0124987	0.476479	0.0228297
0.0228758	0.0124987	0.0111612	0.953464
0.798405	0.0124987	0.0111612	0.177935

#ID = box_49_1_GTAnGAww
#Score = 40.1359
#W = 8
#Consensus = GTAnGAww
0.0228758	0.0124987	0.941796	0.0228297
0.0228758	0.0124987	0.0111612	0.953464
0.95351	0.0124987	0.0111612	0.0228297
0.643299	0.0124987	0.321373	0.0228297
0.0228758	0.0124987	0.941796	0.0228297
0.95351	0.0124987	0.0111612	0.0228297
0.643299	0.0124987	0.0111612	0.333041
0.488193	0.0124987	0.166267	0.333041

#ID = box_50_1_CATsGrTw
#Score = 41.8181
#W = 8
#Consensus = CATsGrTw
0.0270754	0.932694	0.0132101	0.0270208
0.761396	0.198373	0.0132101	0.0270208
0.210655	0.0147932	0.0132101	0.761341
0.0270754	0.565534	0.38037	0.0270208
0.0270754	0.0147932	0.931111	0.0270208
0.577816	0.0147932	0.38037	0.0270208
0.0270754	0.0147932	0.19679	0.761341
0.394236	0.0147932	0.0132101	0.577761

#ID = box_51_1_CAnCkATA
#Score = 43.3174
#W = 8
#Consensus = CAnCkATA
0.0270754	0.932694	0.0132101	0.0270208
0.944976	0.0147932	0.0132101	0.0270208
0.210655	0.198373	0.0132101	0.577761
0.0270754	0.932694	0.0132101	0.0270208
0.0270754	0.0147932	0.56395	0.394181
0.761396	0.0147932	0.19679	0.0270208
0.0270754	0.0147932	0.0132101	0.944921
0.761396	0.0147932	0.19679	0.0270208

#ID = box_52_1_rwATAnTT
#Score = 33.4539
#W = 8
#Consensus = rwATAnTT
0.333087	0.0124987	0.476479	0.177935
0.333087	0.0124987	0.0111612	0.643253
0.95351	0.0124987	0.0111612	0.0228297
0.177982	0.0124987	0.0111612	0.798359
0.798405	0.0124987	0.0111612	0.177935
0.0228758	0.477816	0.321373	0.177935
0.0228758	0.0124987	0.0111612	0.953464
0.0228758	0.0124987	0.0111612	0.953464

#ID = box_53_1_TCmTCnkT
#Score = 37.3644
#W = 8
#Consensus = TCmTCnkT
0.0228758	0.0124987	0.0111612	0.953464
0.177982	0.788028	0.0111612	0.0228297
0.333087	0.477816	0.166267	0.0228297
0.0228758	0.0124987	0.0111612	0.953464
0.0228758	0.788028	0.0111612	0.177935
0.177982	0.0124987	0.321373	0.488147
0.0228758	0.0124987	0.631584	0.333041
0.0228758	0.0124987	0.166267	0.798359

#ID = box_54_1_nTTCyTAC
#Score = 38.8979
#W = 8
#Consensus = nTTCyTAC
0.643299	0.32271	0.0111612	0.0228297
0.177982	0.0124987	0.0111612	0.798359
0.177982	0.0124987	0.0111612	0.798359
0.0228758	0.943133	0.0111612	0.0228297
0.177982	0.477816	0.0111612	0.333041
0.0228758	0.0124987	0.0111612	0.953464
0.95351	0.0124987	0.0111612	0.0228297
0.0228758	0.943133	0.0111612	0.0228297

#ID = box_55_1_CAnCkrTA
#Score = 42.4635
#W = 8
#Consensus = CAnCkrTA
0.0198041	0.950769	0.00966247	0.0197641
0.959753	0.0108204	0.00966247	0.0197641
0.288361	0.145099	0.143941	0.422599
0.0198041	0.950769	0.00966247	0.0197641
0.0198041	0.0108204	0.412498	0.556878
0.556918	0.0108204	0.412498	0.0197641
0.0198041	0.0108204	0.00966247	0.959713
0.825475	0.0108204	0.143941	0.0197641

#ID = box_56_1_TwGynmTC
#Score = 36.8853
#W = 8
#Consensus = TwGynmTC
0.0228758	0.0124987	0.166267	0.798359
0.333087	0.0124987	0.0111612	0.643253
0.0228758	0.0124987	0.941796	0.0228297
0.0228758	0.477816	0.166267	0.333041
0.0228758	0.32271	0.0111612	0.643253
0.333087	0.632922	0.0111612	0.0228297
0.177982	0.0124987	0.0111612	0.798359
0.0228758	0.943133	0.0111612	0.0228297

#ID = box_57_1_GCCACnry
#Score = 42.1893
#W = 8
#Consensus = GCCACnry
0.0198041	0.0108204	0.949611	0.0197641
0.0198041	0.682212	0.00966247	0.288321
0.0198041	0.682212	0.278219	0.0197641
0.691196	0.279377	0.00966247	0.0197641
0.0198041	0.950769	0.00966247	0.0197641
0.288361	0.413656	0.278219	0.0197641
0.556918	0.0108204	0.412498	0.0197641
0.154083	0.413656	0.00966247	0.422599

#ID = box_58_1_CTGTArGA
#Score = 34.1897
#W = 8
#Consensus = CTGTArGA
0.210655	0.749114	0.0132101	0.0270208
0.0270754	0.0147932	0.0132101	0.944921
0.0270754	0.0147932	0.931111	0.0270208
0.210655	0.0147932	0.0132101	0.761341
0.944976	0.0147932	0.0132101	0.0270208
0.394236	0.0147932	0.56395	0.0270208
0.0270754	0.0147932	0.931111	0.0270208
0.761396	0.0147932	0.19679	0.0270208

#ID = box_59_1_GrwwTArT
#Score = 36.8608
#W = 8
#Consensus = GrwwTArT
0.0228758	0.0124987	0.78669	0.177935
0.333087	0.0124987	0.631584	0.0228297
0.643299	0.0124987	0.0111612	0.333041
0.333087	0.0124987	0.0111612	0.643253
0.0228758	0.0124987	0.0111612	0.953464
0.95351	0.0124987	0.0111612	0.0228297
0.488193	0.0124987	0.476479	0.0228297
0.177982	0.0124987	0.0111612	0.798359

#ID = box_60_1_yCrTTssT
#Score = 41.2967
#W = 8
#Consensus = yCrTTssT
0.210655	0.381953	0.0132101	0.394181
0.0270754	0.932694	0.0132101	0.0270208
0.394236	0.0147932	0.56395	0.0270208
0.0270754	0.0147932	0.19679	0.761341
0.0270754	0.198373	0.0132101	0.761341
0.0270754	0.381953	0.56395	0.0270208
0.0270754	0.565534	0.38037	0.0270208
0.0270754	0.0147932	0.0132101	0.944921

#ID = box_61_1_TGTAnGAw
#Score = 37.5956
#W = 8
#Consensus = TGTAnGAw
0.0228758	0.0124987	0.0111612	0.953464
0.177982	0.0124987	0.78669	0.0228297
0.0228758	0.0124987	0.0111612	0.953464
0.95351	0.0124987	0.0111612	0.0228297
0.643299	0.0124987	0.321373	0.0228297
0.0228758	0.0124987	0.941796	0.0228297
0.798405	0.0124987	0.0111612	0.177935
0.333087	0.32271	0.0111612	0.333041

#ID = box_62_1_CAnCkrTA
#Score = 42.4635
#W = 8
#Consensus = CAnCkrTA
0.0198041	0.950769	0.00966247	0.0197641
0.959753	0.0108204	0.00966247	0.0197641
0.288361	0.145099	0.143941	0.422599
0.0198041	0.950769	0.00966247	0.0197641
0.0198041	0.0108204	0.412498	0.556878
0.556918	0.0108204	0.412498	0.0197641
0.0198041	0.0108204	0.00966247	0.959713
0.825475	0.0108204	0.143941	0.0197641

#ID = box_63_1_ACTATAAG
#Score = 33.3402
#W = 8
#Consensus = ACTATAAG
0.932603	0.0181196	0.0161806	0.0330966
0.0331635	0.917559	0.0161806	0.0330966
0.0331635	0.0181196	0.0161806	0.932536
0.707743	0.0181196	0.24104	0.0330966
0.0331635	0.0181196	0.0161806	0.932536
0.932603	0.0181196	0.0161806	0.0330966
0.932603	0.0181196	0.0161806	0.0330966
0.258023	0.0181196	0.69076	0.0330966

#ID = box_64_1_kGCwTCTT
#Score = 38.662
#W = 8
#Consensus = kGCwTCTT
0.0270754	0.0147932	0.56395	0.394181
0.0270754	0.0147932	0.747531	0.210601
0.0270754	0.932694	0.0132101	0.0270208
0.394236	0.198373	0.0132101	0.394181
0.0270754	0.0147932	0.0132101	0.944921
0.0270754	0.932694	0.0132101	0.0270208
0.210655	0.0147932	0.0132101	0.761341
0.0270754	0.0147932	0.0132101	0.944921

#ID = box_65_1_TywGTATT
#Score = 35.0289
#W = 8
#Consensus = TywGTATT
0.0270754	0.0147932	0.19679	0.761341
0.0270754	0.565534	0.0132101	0.394181
0.577816	0.0147932	0.0132101	0.394181
0.0270754	0.0147932	0.931111	0.0270208
0.0270754	0.0147932	0.0132101	0.944921
0.761396	0.0147932	0.0132101	0.210601
0.0270754	0.198373	0.0132101	0.761341
0.0270754	0.0147932	0.0132101	0.944921

#ID = box_66_1_CAwCknTA
#Score = 43.1228
#W = 8
#Consensus = CAwCknTA
0.0228758	0.943133	0.0111612	0.0228297
0.95351	0.0124987	0.0111612	0.0228297
0.333087	0.167604	0.0111612	0.488147
0.0228758	0.943133	0.0111612	0.0228297
0.0228758	0.0124987	0.476479	0.488147
0.643299	0.0124987	0.321373	0.0228297
0.0228758	0.0124987	0.0111612	0.953464
0.798405	0.0124987	0.166267	0.0228297

#ID = box_67_1_nCTAyAnk
#Score = 35.354
#W = 8
#Consensus = nCTAyAnk
0.488193	0.32271	0.0111612	0.177935
0.0228758	0.943133	0.0111612	0.0228297
0.0228758	0.0124987	0.0111612	0.953464
0.798405	0.0124987	0.0111612	0.177935
0.0228758	0.632922	0.0111612	0.333041
0.95351	0.0124987	0.0111612	0.0228297
0.643299	0.0124987	0.321373	0.0228297
0.0228758	0.0124987	0.631584	0.333041

#ID = box_68_1_ACnGTTrA
#Score = 35.8492
#W = 8
#Consensus = ACnGTTrA
0.959753	0.0108204	0.00966247	0.0197641
0.0198041	0.816491	0.00966247	0.154043
0.154083	0.413656	0.143941	0.288321
0.0198041	0.0108204	0.949611	0.0197641
0.288361	0.0108204	0.00966247	0.691156
0.0198041	0.0108204	0.143941	0.825435
0.422639	0.0108204	0.412498	0.154043
0.825475	0.145099	0.00966247	0.0197641

#ID = box_69_1_GTCmTCTk
#Score = 40.031
#W = 8
#Consensus = GTCmTCTk
0.154083	0.0108204	0.815333	0.0197641
0.0198041	0.0108204	0.278219	0.691156
0.0198041	0.682212	0.00966247	0.288321
0.556918	0.413656	0.00966247	0.0197641
0.0198041	0.0108204	0.00966247	0.959713
0.0198041	0.950769	0.00966247	0.0197641
0.0198041	0.279377	0.00966247	0.691156
0.0198041	0.0108204	0.546776	0.422599

#ID = box_70_1_ATyGGwAy
#Score = 35.1036
#W = 8
#Consensus = ATyGGwAy
0.761396	0.0147932	0.19679	0.0270208
0.0270754	0.0147932	0.19679	0.761341
0.0270754	0.381953	0.0132101	0.577761
0.0270754	0.0147932	0.747531	0.210601
0.210655	0.0147932	0.747531	0.0270208
0.394236	0.0147932	0.0132101	0.577761
0.944976	0.0147932	0.0132101	0.0270208
0.210655	0.381953	0.0132101	0.394181

#ID = box_71_1_CTGTArGA
#Score = 35.3009
#W = 8
#Consensus = CTGTArGA
0.258023	0.692699	0.0161806	0.0330966
0.0331635	0.0181196	0.0161806	0.932536
0.0331635	0.0181196	0.91562	0.0330966
0.0331635	0.0181196	0.0161806	0.932536
0.932603	0.0181196	0.0161806	0.0330966
0.482883	0.0181196	0.4659	0.0330966
0.0331635	0.0181196	0.91562	0.0330966
0.932603	0.0181196	0.0161806	0.0330966

#ID = box_72_1_wAATmATs
#Score = 31.4621
#W = 8
#Consensus = wAATmATs
0.394236	0.0147932	0.0132101	0.577761
0.944976	0.0147932	0.0132101	0.0270208
0.761396	0.198373	0.0132101	0.0270208
0.0270754	0.0147932	0.0132101	0.944921
0.394236	0.381953	0.0132101	0.210601
0.944976	0.0147932	0.0132101	0.0270208
0.210655	0.0147932	0.0132101	0.761341
0.0270754	0.565534	0.38037	0.0270208

#ID = box_73_1_CTrTAnGA
#Score = 41.0992
#W = 8
#Consensus = CTrTAnGA
0.177982	0.788028	0.0111612	0.0228297
0.0228758	0.0124987	0.0111612	0.953464
0.333087	0.0124987	0.631584	0.0228297
0.0228758	0.0124987	0.0111612	0.953464
0.95351	0.0124987	0.0111612	0.0228297
0.643299	0.0124987	0.321373	0.0228297
0.0228758	0.0124987	0.941796	0.0228297
0.798405	0.0124987	0.0111612	0.177935

#ID = box_74_1_nTTCyTAC
#Score = 40.298
#W = 8
#Consensus = nTTCyTAC
0.643299	0.32271	0.0111612	0.0228297
0.177982	0.0124987	0.0111612	0.798359
0.0228758	0.0124987	0.166267	0.798359
0.0228758	0.943133	0.0111612	0.0228297
0.0228758	0.632922	0.0111612	0.333041
0.0228758	0.0124987	0.0111612	0.953464
0.95351	0.0124987	0.0111612	0.0228297
0.0228758	0.943133	0.0111612	0.0228297

#ID = box_75_1_TTwwATTA
#Score = 33.7034
#W = 8
#Consensus = TTwwATTA
0.0228758	0.0124987	0.0111612	0.953464
0.0228758	0.0124987	0.0111612	0.953464
0.333087	0.0124987	0.0111612	0.643253
0.643299	0.0124987	0.0111612	0.333041
0.798405	0.167604	0.0111612	0.0228297
0.0228758	0.0124987	0.0111612	0.953464
0.0228758	0.0124987	0.0111612	0.953464
0.95351	0.0124987	0.0111612	0.0228297

#ID = box_76_1_ArTCCTCT
#Score = 40.0556
#W = 8
#Consensus = ArTCCTCT
0.825475	0.145099	0.00966247	0.0197641
0.422639	0.145099	0.412498	0.0197641
0.0198041	0.0108204	0.00966247	0.959713
0.0198041	0.682212	0.143941	0.154043
0.0198041	0.950769	0.00966247	0.0197641
0.0198041	0.0108204	0.143941	0.825435
0.288361	0.682212	0.00966247	0.0197641
0.0198041	0.0108204	0.00966247	0.959713

#ID = box_77_1_GCmnCnrT
#Score = 43.0364
#W = 8
#Consensus = GCmnCnrT
0.177982	0.0124987	0.78669	0.0228297
0.0228758	0.943133	0.0111612	0.0228297
0.333087	0.632922	0.0111612	0.0228297
0.488193	0.32271	0.166267	0.0228297
0.0228758	0.943133	0.0111612	0.0228297
0.488193	0.167604	0.321373	0.0228297
0.488193	0.0124987	0.476479	0.0228297
0.0228758	0.0124987	0.0111612	0.953464

#ID = box_78_1_sTGnCATC
#Score = 36.1935
#W = 8
#Consensus = sTGnCATC
0.0331635	0.467839	0.4659	0.0330966
0.0331635	0.0181196	0.0161806	0.932536
0.0331635	0.0181196	0.91562	0.0330966
0.0331635	0.24298	0.4659	0.257957
0.0331635	0.917559	0.0161806	0.0330966
0.932603	0.0181196	0.0161806	0.0330966
0.258023	0.0181196	0.0161806	0.707676
0.0331635	0.917559	0.0161806	0.0330966

#ID = box_79_1_CTrTAnGA
#Score = 38.0548
#W = 8
#Consensus = CTrTAnGA
0.0228758	0.943133	0.0111612	0.0228297
0.0228758	0.0124987	0.0111612	0.953464
0.488193	0.0124987	0.476479	0.0228297
0.0228758	0.0124987	0.0111612	0.953464
0.95351	0.0124987	0.0111612	0.0228297
0.643299	0.0124987	0.166267	0.177935
0.0228758	0.167604	0.78669	0.0228297
0.798405	0.0124987	0.0111612	0.177935

#ID = box_80_1_CTGTArGA
#Score = 35.3009
#W = 8
#Consensus = CTGTArGA
0.258023	0.692699	0.0161806	0.0330966
0.0331635	0.0181196	0.0161806	0.932536
0.0331635	0.0181196	0.91562	0.0330966
0.0331635	0.0181196	0.0161806	0.932536
0.932603	0.0181196	0.0161806	0.0330966
0.482883	0.0181196	0.4659	0.0330966
0.0331635	0.0181196	0.91562	0.0330966
0.932603	0.0181196	0.0161806	0.0330966

#ID = box_81_1_ATTCCTAC
#Score = 39.9653
#W = 8
#Consensus = ATTCCTAC
0.691196	0.279377	0.00966247	0.0197641
0.154083	0.0108204	0.00966247	0.825435
0.0198041	0.0108204	0.143941	0.825435
0.154083	0.816491	0.00966247	0.0197641
0.0198041	0.682212	0.00966247	0.288321
0.0198041	0.0108204	0.00966247	0.959713
0.959753	0.0108204	0.00966247	0.0197641
0.0198041	0.950769	0.00966247	0.0197641

#ID = box_82_1_rCmwCrrT
#Score = 42.1186
#W = 8
#Consensus = rCmwCrrT
0.333087	0.0124987	0.476479	0.177935
0.0228758	0.943133	0.0111612	0.0228297
0.333087	0.632922	0.0111612	0.0228297
0.488193	0.0124987	0.0111612	0.488147
0.0228758	0.943133	0.0111612	0.0228297
0.333087	0.0124987	0.631584	0.0228297
0.488193	0.0124987	0.476479	0.0228297
0.0228758	0.0124987	0.0111612	0.953464

#ID = box_83_1_GTAnGAww
#Score = 40.1359
#W = 8
#Consensus = GTAnGAww
0.0228758	0.0124987	0.941796	0.0228297
0.0228758	0.0124987	0.0111612	0.953464
0.95351	0.0124987	0.0111612	0.0228297
0.643299	0.0124987	0.321373	0.0228297
0.0228758	0.0124987	0.941796	0.0228297
0.95351	0.0124987	0.0111612	0.0228297
0.643299	0.0124987	0.0111612	0.333041
0.488193	0.0124987	0.166267	0.333041

#ID = box_84_1_mAnyGTTn
#Score = 34.5304
#W = 8
#Consensus = mAnyGTTn
0.394236	0.381953	0.0132101	0.210601
0.944976	0.0147932	0.0132101	0.0270208
0.577816	0.198373	0.0132101	0.210601
0.0270754	0.565534	0.0132101	0.394181
0.0270754	0.0147932	0.931111	0.0270208
0.0270754	0.0147932	0.19679	0.761341
0.0270754	0.0147932	0.0132101	0.944921
0.577816	0.198373	0.19679	0.0270208

#ID = box_85_1_wCAwCkrT
#Score = 39.4648
#W = 8
#Consensus = wCAwCkrT
0.488193	0.0124987	0.0111612	0.488147
0.0228758	0.943133	0.0111612	0.0228297
0.798405	0.0124987	0.166267	0.0228297
0.333087	0.0124987	0.0111612	0.643253
0.0228758	0.788028	0.0111612	0.177935
0.0228758	0.0124987	0.476479	0.488147
0.488193	0.0124987	0.476479	0.0228297
0.0228758	0.0124987	0.0111612	0.953464

#ID = box_86_1_CAwCknTA
#Score = 43.1228
#W = 8
#Consensus = CAwCknTA
0.0228758	0.943133	0.0111612	0.0228297
0.95351	0.0124987	0.0111612	0.0228297
0.333087	0.167604	0.0111612	0.488147
0.0228758	0.943133	0.0111612	0.0228297
0.0228758	0.0124987	0.476479	0.488147
0.643299	0.0124987	0.321373	0.0228297
0.0228758	0.0124987	0.0111612	0.953464
0.798405	0.0124987	0.166267	0.0228297

#ID = box_87_1_wGAkATrA
#Score = 39.0186
#W = 8
#Consensus = wGAkATrA
0.333087	0.167604	0.0111612	0.488147
0.0228758	0.0124987	0.941796	0.0228297
0.95351	0.0124987	0.0111612	0.0228297
0.0228758	0.0124987	0.476479	0.488147
0.95351	0.0124987	0.0111612	0.0228297
0.0228758	0.0124987	0.0111612	0.953464
0.488193	0.0124987	0.476479	0.0228297
0.95351	0.0124987	0.0111612	0.0228297

#ID = box_88_1_CAwCkrTA
#Score = 42.5207
#W = 8
#Consensus = CAwCkrTA
0.0228758	0.943133	0.0111612	0.0228297
0.798405	0.167604	0.0111612	0.0228297
0.333087	0.167604	0.166267	0.333041
0.0228758	0.943133	0.0111612	0.0228297
0.0228758	0.0124987	0.631584	0.333041
0.333087	0.0124987	0.631584	0.0228297
0.0228758	0.0124987	0.0111612	0.953464
0.798405	0.0124987	0.0111612	0.177935

#ID = box_89_1_nTTCyTAC
#Score = 40.298
#W = 8
#Consensus = nTTCyTAC
0.643299	0.32271	0.0111612	0.0228297
0.177982	0.0124987	0.0111612	0.798359
0.0228758	0.0124987	0.166267	0.798359
0.0228758	0.943133	0.0111612	0.0228297
0.0228758	0.632922	0.0111612	0.333041
0.0228758	0.0124987	0.0111612	0.953464
0.95351	0.0124987	0.0111612	0.0228297
0.0228758	0.943133	0.0111612	0.0228297

#ID = box_90_1_nTTCyTAC
#Score = 40.298
#W = 8
#Consensus = nTTCyTAC
0.643299	0.32271	0.0111612	0.0228297
0.177982	0.0124987	0.0111612	0.798359
0.0228758	0.0124987	0.166267	0.798359
0.0228758	0.943133	0.0111612	0.0228297
0.0228758	0.632922	0.0111612	0.333041
0.0228758	0.0124987	0.0111612	0.953464
0.95351	0.0124987	0.0111612	0.0228297
0.0228758	0.943133	0.0111612	0.0228297

#ID = box_91_1_TnCkACmG
#Score = 41.0123
#W = 8
#Consensus = TnCkACmG
0.0270754	0.0147932	0.0132101	0.944921
0.210655	0.198373	0.56395	0.0270208
0.0270754	0.932694	0.0132101	0.0270208
0.0270754	0.198373	0.38037	0.394181
0.944976	0.0147932	0.0132101	0.0270208
0.0270754	0.932694	0.0132101	0.0270208
0.577816	0.381953	0.0132101	0.0270208
0.210655	0.0147932	0.747531	0.0270208

#ID = box_92_1_CAwCGnTA
#Score = 43.2223
#W = 8
#Consensus = CAwCGnTA
0.0270754	0.932694	0.0132101	0.0270208
0.944976	0.0147932	0.0132101	0.0270208
0.394236	0.198373	0.0132101	0.394181
0.0270754	0.932694	0.0132101	0.0270208
0.0270754	0.0147932	0.747531	0.210601
0.577816	0.0147932	0.19679	0.210601
0.0270754	0.0147932	0.0132101	0.944921
0.761396	0.198373	0.0132101	0.0270208

#ID = box_93_1_AnTCCTAC
#Score = 40.2899
#W = 8
#Consensus = AnTCCTAC
0.944976	0.0147932	0.0132101	0.0270208
0.210655	0.0147932	0.19679	0.577761
0.0270754	0.0147932	0.0132101	0.944921
0.0270754	0.932694	0.0132101	0.0270208
0.0270754	0.749114	0.0132101	0.210601
0.0270754	0.0147932	0.0132101	0.944921
0.944976	0.0147932	0.0132101	0.0270208
0.0270754	0.749114	0.0132101	0.210601

#ID = box_94_1_ATTnyTAC
#Score = 34.9746
#W = 8
#Consensus = ATTnyTAC
0.95351	0.0124987	0.0111612	0.0228297
0.177982	0.0124987	0.0111612	0.798359
0.0228758	0.167604	0.0111612	0.798359
0.177982	0.632922	0.166267	0.0228297
0.0228758	0.477816	0.166267	0.333041
0.0228758	0.0124987	0.0111612	0.953464
0.798405	0.0124987	0.0111612	0.177935
0.0228758	0.943133	0.0111612	0.0228297

#ID = box_95_1_nATTTwTA
#Score = 35.9721
#W = 8
#Consensus = nATTTwTA
0.0228758	0.0124987	0.321373	0.643253
0.95351	0.0124987	0.0111612	0.0228297
0.0228758	0.0124987	0.0111612	0.953464
0.0228758	0.0124987	0.0111612	0.953464
0.0228758	0.0124987	0.0111612	0.953464
0.488193	0.0124987	0.0111612	0.488147
0.0228758	0.167604	0.0111612	0.798359
0.95351	0.0124987	0.0111612	0.0228297

#ID = box_96_1_rCCACrGn
#Score = 41.5921
#W = 8
#Consensus = rCCACrGn
0.394236	0.0147932	0.56395	0.0270208
0.0270754	0.932694	0.0132101	0.0270208
0.0270754	0.749114	0.0132101	0.210601
0.944976	0.0147932	0.0132101	0.0270208
0.0270754	0.932694	0.0132101	0.0270208
0.394236	0.198373	0.38037	0.0270208
0.210655	0.0147932	0.747531	0.0270208
0.210655	0.0147932	0.19679	0.577761

#ID = box_97_1_CyTCAwTk
#Score = 36.2012
#W = 8
#Consensus = CyTCAwTk
0.0270754	0.932694	0.0132101	0.0270208
0.0270754	0.565534	0.0132101	0.394181
0.210655	0.0147932	0.0132101	0.761341
0.0270754	0.932694	0.0132101	0.0270208
0.944976	0.0147932	0.0132101	0.0270208
0.394236	0.0147932	0.0132101	0.577761
0.0270754	0.0147932	0.0132101	0.944921
0.0270754	0.0147932	0.56395	0.394181

#ID = box_98_1_CAnsGATw
#Score = 42.7519
#W = 8
#Consensus = CAnsGATw
0.0198041	0.950769	0.00966247	0.0197641
0.959753	0.0108204	0.00966247	0.0197641
0.0198041	0.145099	0.278219	0.556878
0.0198041	0.413656	0.546776	0.0197641
0.0198041	0.0108204	0.949611	0.0197641
0.825475	0.0108204	0.143941	0.0197641
0.0198041	0.0108204	0.278219	0.691156
0.556918	0.0108204	0.00966247	0.422599

#ID = box_99_1_AwrryCAy
#Score = 36.5821
#W = 8
#Consensus = AwrryCAy
0.95351	0.0124987	0.0111612	0.0228297
0.333087	0.0124987	0.0111612	0.643253
0.488193	0.0124987	0.476479	0.0228297
0.488193	0.0124987	0.476479	0.0228297
0.0228758	0.477816	0.0111612	0.488147
0.0228758	0.943133	0.0111612	0.0228297
0.95351	0.0124987	0.0111612	0.0228297
0.0228758	0.632922	0.0111612	0.333041

#ID = box_100_1_ATTCCTAC
#Score = 33.9016
#W = 8
#Consensus = ATTCCTAC
0.944976	0.0147932	0.0132101	0.0270208
0.210655	0.0147932	0.0132101	0.761341
0.0270754	0.0147932	0.0132101	0.944921
0.210655	0.749114	0.0132101	0.0270208
0.0270754	0.749114	0.0132101	0.210601
0.0270754	0.0147932	0.0132101	0.944921
0.944976	0.0147932	0.0132101	0.0270208
0.0270754	0.932694	0.0132101	0.0270208

#END - Application ends successfully.
